6 4
cycle300
FR
50
3223.488725 2028.730544 1241.946910 750.033896 458.331476 297.300182 208.416390 166.312686 142.108779 127.973476 115.458450 106.287052 96.634094 89.280712 81.594484 76.035511 69.927056 65.710884 60.302049 56.140358 51.273917 47.301438 43.006694 39.156321 35.406366 32.299285 28.875701 25.687103 22.500189 19.635555 16.926592 14.303998 11.792324 9.335823 6.948758 4.621543 2.341052 0.133484 -1.969956 -3.931572 -5.756808 -7.417733 -8.990120 -10.363022 -11.597845 -12.669192 -13.579360 -14.307930 -14.853100 -15.213899 
0.004559 0.009920 0.014124 0.017864 0.021080 0.023897 0.026913 0.030736 0.033555 0.036967 0.041576 0.044530 0.047499 0.050205 0.053724 0.056383 0.058976 0.061763 0.064436 0.068516 0.071740 0.074348 0.077098 0.080096 0.083131 0.085754 0.088431 0.091391 0.095381 0.099607 0.103241 0.107018 0.111171 0.114374 0.116958 0.119582 0.122247 0.124895 0.127563 0.131480 0.134127 0.137245 0.139981 0.143412 0.147448 0.150714 0.153875 0.156852 0.160824 0.164480 
Elapsed_time: 0.164480
Score: -15.213899
CN-FR
51
0.186459 39.487155 25.215675 14.252893 5.898314 -1.252736 -6.344739 -11.738012 -16.186221 -20.436683 -24.306683 -27.845722 -31.290112 -34.397978 -37.395112 -39.938800 -42.937214 -45.413807 -48.162897 -50.276818 -52.865268 -55.161881 -57.405434 -59.419343 -61.599619 -63.667206 -65.804841 -67.885661 -69.731743 -71.642984 -73.339309 -75.125174 -76.699949 -78.338269 -79.846879 -81.368314 -82.809946 -84.245339 -85.630514 -86.980273 -88.283742 -89.539814 -90.747818 -91.891832 -92.927866 -93.860892 -94.663551 -95.344371 -95.887701 -96.295177 -96.565976 
0.057427 0.061776 0.068239 0.073743 0.076685 0.079753 0.084336 0.089332 0.093170 0.097231 0.101849 0.106338 0.109960 0.115586 0.118526 0.122234 0.126474 0.129814 0.132748 0.136339 0.139620 0.143394 0.146592 0.150878 0.154372 0.158255 0.171733 0.178252 0.182557 0.186627 0.199817 0.203734 0.215942 0.220319 0.233733 0.237754 0.243418 0.247809 0.251948 0.256217 0.259273 0.263377 0.267436 0.272018 0.274880 0.277980 0.282049 0.286204 0.289378 0.292551 0.295766 
Elapsed_time: 0.295766
Score: -96.565976
L-BFGS
51
848.621521 538.611572 275.576019 226.647079 194.720566 159.259415 143.738068 119.378067 99.843491 79.348396 62.966953 50.503063 35.404705 23.357447 10.763479 1.282003 -8.212253 -17.787878 -27.526455 -34.771317 -40.814354 -45.780724 -50.423439 -55.823425 -61.106689 -66.009499 -71.172707 -75.996727 -80.190826 -84.356590 -87.732307 -90.889297 -94.034920 -97.217133 -100.479568 -103.819801 -107.140831 -110.312889 -113.233101 -116.021942 -118.848701 -121.778442 -124.358421 -126.628510 -129.152145 -131.609039 -133.856247 -136.599045 -138.778870 -140.848755 -143.754166 
0.004319 0.014132 0.017537 0.020708 0.025089 0.031983 0.035123 0.038182 0.042182 0.045504 0.049249 0.052094 0.054629 0.057749 0.060907 0.064647 0.067087 0.069658 0.072320 0.075322 0.077456 0.079993 0.083066 0.085852 0.088771 0.091671 0.094571 0.097660 0.101700 0.105364 0.107732 0.110071 0.112494 0.115195 0.118667 0.123720 0.126466 0.129206 0.132028 0.134686 0.137483 0.141084 0.144197 0.147737 0.150439 0.153203 0.156290 0.161112 0.165023 0.170403 0.173442 
Elapsed_time: 0.173442
Score: -143.754166
CN-L-BFGS
52
0.186459 0.186454 -45.677959 -61.129375 -72.647682 -76.838203 -80.668213 -83.525856 -87.082222 -90.649681 -94.262436 -97.437279 -101.801949 -105.347374 -109.519829 -115.224625 -120.778900 -126.011559 -131.901321 -136.568100 -141.924011 -147.041901 -152.368774 -156.344833 -160.178436 -164.108292 -168.040924 -171.773163 -174.547440 -177.450134 -180.072800 -182.662262 -184.893433 -187.011124 -189.107483 -190.808365 -192.363876 -194.561966 -196.026428 -197.482361 -199.479843 -200.871582 -202.752228 -204.565903 -206.334976 -207.936203 -209.542755 -211.106354 -212.509979 -213.778412 -215.030975 -216.390518 
0.058397 0.060345 0.062272 0.064168 0.066155 0.068135 0.070501 0.073219 0.076033 0.078593 0.081402 0.083298 0.085247 0.087599 0.089715 0.092525 0.095166 0.097628 0.099893 0.102214 0.104737 0.107259 0.110201 0.112602 0.114852 0.118781 0.121105 0.123065 0.125010 0.127703 0.130057 0.134680 0.137487 0.139753 0.141807 0.144327 0.146249 0.148671 0.151964 0.154039 0.156844 0.159299 0.161481 0.163370 0.166006 0.168850 0.171600 0.174340 0.177095 0.179794 0.182295 0.184530 
Elapsed_time: 0.184530
Score: -216.390518
jagmesh1
FR
50
32437.191026 21510.237444 13794.154825 8546.452322 5150.688210 3061.668180 1873.800096 1243.466188 935.219866 786.390328 703.629098 649.349648 605.024147 566.863155 534.231657 506.513761 483.796683 462.853910 444.679698 426.770803 410.988269 394.991936 380.824802 366.699050 354.117888 340.761193 328.775731 316.820535 306.150862 295.407254 285.721477 275.906414 266.664063 257.785198 249.347747 241.205584 233.997145 226.930250 220.311911 213.928341 207.824438 202.207881 196.977183 192.216215 187.957083 184.205703 181.013778 178.434878 176.500163 175.210089 
0.030339 0.059290 0.088904 0.120826 0.150384 0.183408 0.226910 0.258633 0.288305 0.334319 0.383791 0.436436 0.477557 0.504202 0.529590 0.555146 0.591163 0.634095 0.677731 0.729491 0.780877 0.829005 0.879164 0.934372 0.983208 1.011967 1.039696 1.082178 1.133235 1.178398 1.215238 1.251023 1.289240 1.326066 1.359015 1.396320 1.430921 1.471748 1.504938 1.543492 1.594504 1.643367 1.714374 1.756014 1.788019 1.819374 1.853385 1.889610 1.922641 1.965561 
Elapsed_time: 1.965561
Score: 175.210089
CN-FR
51
147.240810 165.663681 146.730150 128.828316 110.098321 98.583588 82.424858 73.898422 60.080627 53.421047 42.162147 36.668726 26.895459 22.080516 13.053716 8.676751 0.037903 -3.743069 -11.370611 -15.230386 -22.356052 -26.224718 -33.067166 -36.551773 -43.103559 -46.383802 -52.508078 -55.786513 -61.322672 -64.882735 -69.911276 -73.344421 -77.882939 -81.179758 -85.148897 -88.144409 -91.891228 -94.815041 -98.347993 -101.416790 -104.704077 -107.590338 -110.754749 -113.544635 -116.314849 -118.816165 -121.143509 -123.164992 -124.861316 -126.165471 -127.041818 
0.342329 0.412200 0.458852 0.515565 0.562253 0.616613 0.664850 0.713964 0.769485 0.817805 0.866019 0.914401 0.971238 1.018701 1.073469 1.132416 1.180420 1.228621 1.275187 1.316223 1.370358 1.423392 1.461798 1.490693 1.533728 1.576689 1.625612 1.675656 1.722252 1.772216 1.822926 1.874919 1.918288 1.958674 2.004491 2.044683 2.093615 2.138962 2.204117 2.287325 2.351627 2.396257 2.440671 2.489701 2.537729 2.586104 2.622379 2.659923 2.700232 2.747461 2.815902 
Elapsed_time: 2.815902
Score: -127.041818
L-BFGS
51
6560.282227 5074.891602 1475.606934 1039.302979 902.207642 811.012268 700.525940 644.016541 565.740906 485.063171 424.821411 374.260529 328.547363 290.707520 260.484802 234.664749 208.569946 187.526352 168.163635 152.242035 137.236771 123.316429 109.395828 95.804970 82.773895 68.183266 52.726067 39.735363 29.191629 18.033295 8.991618 0.364615 -8.395295 -16.709797 -25.133348 -33.935844 -44.921333 -53.241539 -62.668434 -74.347519 -83.052498 -93.833839 -103.798828 -112.068977 -118.920197 -127.234810 -135.040604 -142.055161 -149.426651 -156.532166 -163.915405 
0.053680 0.110567 0.163298 0.215672 0.268972 0.321646 0.414954 0.460552 0.504826 0.551345 0.602717 0.653478 0.703881 0.752504 0.804088 0.856802 0.903903 0.956725 0.999987 1.045992 1.090998 1.140710 1.185425 1.232514 1.280679 1.326372 1.370544 1.415747 1.447822 1.473038 1.500878 1.526547 1.550820 1.577955 1.609017 1.646525 1.679784 1.712074 1.746730 1.785949 1.830279 1.871176 1.912038 1.956579 1.997195 2.037635 2.081167 2.122251 2.164147 2.209526 2.257543 
Elapsed_time: 2.257543
Score: -163.915405
CN-L-BFGS
52
147.240810 147.240814 18.586784 -46.338394 -68.831253 -80.874893 -89.503639 -98.025604 -110.359756 -120.371544 -130.736832 -144.238251 -155.826111 -167.549881 -178.937042 -190.608337 -201.873520 -212.951096 -222.548004 -231.154846 -239.244354 -245.469238 -249.654755 -253.959991 -257.666290 -260.964386 -263.741852 -266.657166 -269.930817 -272.662537 -275.542908 -278.257568 -281.243286 -284.049194 -286.716888 -289.286041 -291.691925 -293.644775 -295.208649 -296.611023 -297.856537 -298.902405 -299.863586 -301.109100 -302.046295 -302.791229 -304.034302 -304.798035 -305.712219 -306.642456 -307.446777 -308.050171 
0.483335 0.532801 0.585696 0.635633 0.688077 0.728932 0.767053 0.806699 0.840909 0.889333 0.950965 0.979500 1.009730 1.036600 1.057836 1.078063 1.098128 1.122379 1.145431 1.168992 1.192515 1.220800 1.250602 1.281384 1.314361 1.353550 1.386012 1.419908 1.456635 1.491251 1.524958 1.559102 1.595149 1.627898 1.661417 1.696249 1.731687 1.767412 1.804466 1.838126 1.869533 1.898757 1.927610 1.958566 1.992893 2.027004 2.060349 2.092144 2.122884 2.155170 2.190252 2.224747 
Elapsed_time: 2.224747
Score: -308.050171
btree9
FR
50
25533.539713 16446.669840 10246.049128 6183.440557 3641.905968 2141.869076 1311.967751 892.494309 696.591233 599.775199 549.083451 516.278916 488.021562 466.110496 445.633625 428.151527 410.444588 395.941560 380.191763 367.808954 353.134979 341.575388 329.255036 318.766882 307.539817 297.498810 286.482605 276.328578 265.912068 255.253516 245.105317 234.540132 224.616969 214.642002 204.988066 195.864413 186.866231 178.311064 170.209860 162.482200 155.470208 148.749706 142.571230 136.914948 131.942750 127.615186 124.012119 121.125805 118.961085 117.523910 
0.060080 0.117944 0.175514 0.229470 0.290690 0.343513 0.400077 0.459400 0.520510 0.575735 0.632927 0.688033 0.763654 0.842023 0.914568 0.988654 1.105225 1.150945 1.197248 1.260121 1.293500 1.333486 1.365139 1.406686 1.442614 1.487549 1.523421 1.556400 1.591196 1.626003 1.661768 1.695876 1.728731 1.760426 1.814213 1.866515 1.913646 1.959032 2.012459 2.058535 2.095961 2.145083 2.198570 2.232502 2.259469 2.286860 2.316775 2.358334 2.412686 2.477767 
Elapsed_time: 2.477767
Score: 117.523910
CN-FR
51
2.278433 159.285585 120.766316 101.329597 80.592463 80.150456 63.509427 70.003155 56.668822 63.684480 49.985232 55.944073 43.783948 49.200390 38.398635 42.425191 33.110584 36.672523 27.857110 30.467872 23.021823 25.611366 19.037610 21.344922 15.536812 16.904359 11.488046 11.384072 5.728989 4.433952 -1.056414 -3.445320 -9.782954 -14.714573 -21.908241 -28.916586 -37.085118 -45.336597 -53.822643 -62.234110 -70.625999 -78.453504 -85.488407 -91.662671 -97.181038 -101.945657 -105.986493 -109.334046 -111.992672 -113.964937 -115.274722 
1.461540 1.526546 1.559997 1.601778 1.639645 1.677513 1.719532 1.756264 1.792781 1.842925 1.894939 1.938968 1.978114 2.040898 2.096129 2.151473 2.203908 2.258414 2.317962 2.371939 2.425971 2.479896 2.533065 2.586959 2.636585 2.671993 2.707588 2.750443 2.784321 2.813856 2.844260 2.874722 2.915178 2.955595 2.990315 3.034255 3.080926 3.134830 3.183581 3.236896 3.283333 3.335964 3.401870 3.469901 3.542552 3.609037 3.680884 3.750294 3.818276 3.889598 3.959287 
Elapsed_time: 3.959287
Score: -115.274722
L-BFGS
51
5432.626465 4074.651367 1370.388428 973.551819 820.938171 738.280945 638.597351 577.830078 510.861420 457.643982 414.532806 380.944397 346.013916 302.865448 270.201111 241.465103 220.311996 196.354782 177.065277 154.673996 137.416931 117.058960 101.946136 82.833237 70.260307 54.278980 36.534275 21.018169 8.868487 -7.649830 -15.986775 -28.030876 -38.253345 -49.196362 -61.398491 -70.468735 -77.547997 -86.065056 -94.346603 -101.210350 -110.860817 -117.815674 -125.784805 -130.457230 -142.520920 -147.886475 -155.342819 -163.109253 -171.291901 -176.776108 -184.032425 
0.058841 0.119555 0.179975 0.240281 0.300254 0.384230 0.432935 0.499438 0.545504 0.581996 0.621901 0.662337 0.702767 0.739044 0.771088 0.808786 0.846457 0.891117 0.924280 0.965224 0.999348 1.033805 1.072538 1.104656 1.133198 1.160685 1.186595 1.212916 1.240754 1.268446 1.297075 1.350240 1.423373 1.503073 1.590074 1.663023 1.696338 1.733858 1.769415 1.803070 1.837788 1.869390 1.904460 1.935526 1.966399 1.995561 2.028305 2.060045 2.094092 2.127518 2.160184 
Elapsed_time: 2.160184
Score: -184.032425
CN-L-BFGS
52
2.278433 2.278437 -118.017708 -165.245789 -184.643463 -194.186020 -201.328384 -207.574219 -214.381454 -219.004547 -222.545334 -226.181808 -230.204544 -233.706940 -236.739609 -239.919418 -243.097031 -245.597778 -249.521973 -251.646957 -254.430084 -256.372864 -258.043091 -261.274902 -261.856079 -264.987000 -266.345825 -268.477539 -271.097015 -273.999939 -276.386749 -279.843628 -281.919556 -284.570831 -287.510040 -289.178986 -291.403229 -293.516479 -295.445435 -297.263885 -299.207031 -300.805511 -302.070435 -303.276581 -304.397125 -305.456726 -306.266174 -307.442505 -308.033600 -308.904419 -309.645691 -310.195496 
1.475642 1.526556 1.577345 1.629796 1.673660 1.698100 1.726536 1.759291 1.796730 1.836316 1.874399 1.911469 1.949360 1.986307 2.022924 2.057580 2.080791 2.102833 2.124667 2.147461 2.173004 2.203198 2.234501 2.263873 2.292595 2.320855 2.343826 2.376853 2.413294 2.449758 2.486943 2.525536 2.562889 2.601058 2.638045 2.679058 2.718165 2.755550 2.795072 2.831726 2.874269 2.911475 2.960345 3.020140 3.076065 3.131926 3.190116 3.264238 3.330203 3.379925 3.419570 3.456749 
Elapsed_time: 3.456749
Score: -310.195496
1138_bus
FR
50
6314330.817477 3919348.604416 2319432.949365 1302495.555365 690703.504610 342986.779634 158926.399280 70111.564924 27783.992900 13510.166721 8253.897344 6435.648667 6516.904971 5408.466474 5637.377982 4783.630413 5032.786897 4300.144584 4525.981819 3862.689785 4054.799540 3479.541007 3658.418512 3099.803944 3257.401123 2769.260465 2786.145222 2520.846626 2421.630868 2263.742269 2186.316264 2021.733750 1866.784424 1800.401002 1677.794257 1620.367581 1467.776723 1457.828903 1309.922247 1299.707155 1203.618400 1171.862532 1098.523715 1066.433116 1014.636973 982.856529 947.621120 925.458194 906.375828 894.605387 
0.104874 0.216735 0.281749 0.348062 0.420665 0.488595 0.557368 0.611755 0.681839 0.747873 0.817303 0.884995 0.952510 1.017557 1.084521 1.149853 1.214412 1.279543 1.345389 1.408382 1.462401 1.502900 1.562367 1.629091 1.673200 1.727503 1.793771 1.838186 1.904414 1.965783 2.032849 2.097846 2.165296 2.233655 2.298047 2.337598 2.375666 2.414186 2.456466 2.506953 2.557532 2.594369 2.632195 2.686397 2.741308 2.785965 2.851333 2.983709 3.096376 3.202605 
Elapsed_time: 3.202605
Score: 894.605387
CN-FR
51
920.248877 20151.700093 2080.672416 18399.482434 1938.426344 16989.391596 1807.184376 15691.572461 1668.381063 14424.902649 1556.990339 13185.376917 1453.661601 11919.436222 1385.073077 10740.693400 1308.696406 9506.431418 1235.015919 8374.590736 1166.211526 7334.612321 1121.061690 6400.306438 1062.888564 5222.783399 1031.694048 3735.624703 1127.228930 3127.095969 1016.462992 2488.634924 1019.868562 1973.590699 916.703722 1674.403582 863.724093 1300.078035 866.353145 1062.681424 803.522893 887.528026 756.051933 768.166200 696.837151 692.517101 661.792980 647.060587 629.614341 617.252663 608.873552 
0.999195 1.071532 1.110991 1.158143 1.285159 1.385023 1.492162 1.562177 1.602960 1.642467 1.716741 1.810495 1.908268 1.994968 2.104455 2.209727 2.254564 2.293527 2.348314 2.449234 2.520498 2.586577 2.657002 2.713734 2.748900 2.784480 2.833018 2.883092 2.933040 2.977393 3.016207 3.054739 3.093470 3.131462 3.175825 3.233103 3.285838 3.337851 3.409762 3.516330 3.602000 3.645034 3.689847 3.733466 3.811371 3.897950 3.964528 4.005925 4.043013 4.078471 4.142746 
Elapsed_time: 4.142746
Score: 608.873552
L-BFGS
51
1270195.250000 489529.562500 293554.281250 186287.265625 119868.906250 71247.468750 56864.093750 38749.980469 34247.984375 20714.767578 16151.990234 12657.069336 9666.753906 7597.611328 6122.949707 5155.735840 4244.724121 3536.689453 3049.548096 2681.371582 2386.484619 2129.035889 1928.466797 1804.254272 1680.827271 1589.717041 1504.970093 1458.021118 1395.645630 1355.604614 1327.255005 1305.557617 1279.444214 1260.642944 1242.734253 1233.966797 1220.196899 1209.423462 1198.095703 1186.359741 1175.759399 1166.539795 1156.196777 1146.489868 1136.709839 1127.185913 1117.674683 1107.162720 1097.842529 1088.011475 1077.712036 
0.056180 0.112360 0.176079 0.236144 0.303542 0.360847 0.396119 0.438164 0.483666 0.605463 0.676191 0.712097 0.747082 0.795294 0.864376 0.962938 1.069181 1.188664 1.280868 1.320204 1.365175 1.418241 1.472735 1.520602 1.567160 1.621057 1.674026 1.728756 1.785553 1.841074 1.897034 1.953172 1.987528 2.023539 2.065463 2.151699 2.250968 2.360580 2.406785 2.441518 2.479367 2.513884 2.548791 2.592871 2.691286 2.800093 2.893117 2.933771 2.973220 3.009050 3.044473 
Elapsed_time: 3.044473
Score: 1077.712036
CN-L-BFGS
52
920.248877 920.248840 869.519287 804.020935 779.242920 753.070740 734.424255 720.895325 710.551392 697.643250 690.838318 684.207458 678.158752 672.563232 666.287781 661.619995 656.643555 651.468140 646.108887 641.206787 636.879456 631.570251 627.814758 623.638977 619.257568 614.610840 611.137756 608.665894 604.502075 600.639404 596.210938 593.149841 588.575256 584.242004 580.908936 575.615540 573.126282 569.303528 566.242310 560.132935 557.282471 553.379517 549.590576 543.793030 539.823547 536.910706 529.383972 524.488953 520.688782 516.858215 511.512878 508.167603 
0.848679 0.884236 0.961308 1.008734 1.057561 1.107341 1.161724 1.210890 1.258830 1.312361 1.434193 1.489596 1.539156 1.579234 1.625203 1.705780 1.793055 1.887540 1.985380 2.087468 2.134582 2.179485 2.221763 2.259990 2.296669 2.330521 2.371102 2.407745 2.442842 2.485222 2.532516 2.585945 2.639091 2.744646 2.789118 2.822510 2.854598 2.886059 2.920641 2.968621 3.048638 3.120055 3.152466 3.188398 3.236375 3.270700 3.310710 3.359994 3.438306 3.535893 3.608395 3.666147 
Elapsed_time: 3.666147
Score: 508.167603
dwt_1005
FR
50
48363.139578 32173.895522 20675.131936 12813.716996 7666.141070 4483.995472 2650.421549 1668.628595 1196.494599 977.717680 869.727608 802.090516 747.161278 698.664751 657.257596 619.308292 584.958365 554.951520 527.846099 504.747411 482.495458 463.914915 445.529387 428.984013 412.975484 397.383218 381.865099 367.864017 354.696213 342.266283 330.160791 319.431664 308.514278 298.395393 288.338923 279.104549 269.949001 261.260786 252.914689 244.863543 237.424120 230.269443 223.852213 217.981778 212.827545 208.269755 204.423285 201.277722 198.928871 197.372214 
0.034218 0.086586 0.174986 0.252836 0.295487 0.349385 0.383279 0.421909 0.471239 0.516586 0.551988 0.594718 0.647367 0.690110 0.724672 0.760858 0.798004 0.844049 0.880636 0.925567 0.979034 1.016559 1.058949 1.124661 1.197177 1.274946 1.318839 1.360739 1.412964 1.465016 1.511170 1.545724 1.578574 1.624748 1.675891 1.727348 1.758884 1.810141 1.870132 1.925761 1.987410 2.038801 2.081056 2.120181 2.174200 2.214913 2.300211 2.398923 2.469186 2.520794 
Elapsed_time: 2.520794
Score: 197.372214
CN-FR
51
422.131732 358.663243 310.313132 325.994008 298.003878 312.207001 287.733969 299.997713 280.017846 290.164584 270.758586 280.683908 262.400237 271.699796 255.591590 264.052921 249.299894 256.268685 242.875220 248.712720 236.338327 240.837238 228.606068 232.049327 220.211012 222.912055 212.904156 214.563232 205.729491 205.525842 197.725294 196.914985 189.761794 188.781778 182.453642 180.831571 175.901427 173.373765 169.116776 165.989706 162.253705 159.556694 156.179532 153.376333 150.577322 147.942946 145.541845 143.432099 141.643256 140.305438 139.373729 
0.422227 0.473677 0.525969 0.576670 0.627343 0.679177 0.731572 0.783646 0.839638 0.887069 0.920833 0.954836 0.989435 1.038206 1.089601 1.146186 1.197107 1.247745 1.277057 1.305957 1.340443 1.377208 1.406976 1.439549 1.472371 1.510232 1.544297 1.586716 1.635760 1.689461 1.745744 1.790165 1.834508 1.891551 1.945275 1.979411 2.015543 2.067298 2.119555 2.171590 2.219689 2.245691 2.270865 2.295874 2.331469 2.379117 2.428389 2.454747 2.482571 2.518522 2.569261 
Elapsed_time: 2.569261
Score: 139.373729
L-BFGS
51
9647.489258 7423.502930 2039.973877 1274.989990 1059.087646 982.007996 866.786926 828.053223 734.320801 660.493042 582.681458 529.508972 485.365051 444.828827 394.787170 353.854004 311.692993 276.858643 244.094254 217.104935 193.988419 172.222305 153.988815 138.716370 127.147179 117.075882 108.686234 100.638985 93.729156 85.606003 80.641098 73.631783 67.083702 61.061775 56.046734 50.743698 46.096111 41.426998 36.921978 32.426311 28.256376 24.572758 19.638842 13.173836 7.864233 2.561681 -2.931690 -8.420678 -12.549118 -17.349957 -20.037560 
0.043194 0.079550 0.105992 0.136886 0.176784 0.208495 0.245066 0.274617 0.307830 0.340773 0.385863 0.441967 0.495030 0.549592 0.612372 0.695209 0.784405 0.828423 0.853605 0.878824 0.903050 0.927094 0.952887 0.980200 1.020787 1.069271 1.115676 1.179501 1.245996 1.318579 1.395758 1.466462 1.530545 1.596348 1.660078 1.724069 1.788561 1.855386 1.925908 1.992497 2.055870 2.119954 2.185191 2.248987 2.311060 2.378014 2.447625 2.512557 2.578340 2.639881 2.702914 
Elapsed_time: 2.702914
Score: -20.037560
CN-L-BFGS
52
422.131732 422.131744 303.459747 259.081116 238.426300 226.353561 219.095505 204.515228 196.123856 188.652557 179.903900 170.153915 160.741852 151.428116 140.737854 133.678635 127.388763 121.408691 115.830193 112.343971 107.949722 105.560249 102.415466 99.313393 96.637527 94.574577 91.916161 89.673126 87.181976 84.816940 82.131012 79.185234 76.268929 73.381691 70.438492 67.385262 64.724060 62.354874 59.310089 56.085472 52.847008 49.364529 46.245758 43.006107 39.912704 36.592442 32.708721 28.005594 23.241776 18.096857 13.488120 8.481739 
0.621032 0.681828 0.742350 0.803300 0.867505 0.926598 0.986065 1.053613 1.114642 1.174085 1.234805 1.293179 1.353060 1.416369 1.481624 1.553041 1.620342 1.691411 1.772731 1.807084 1.833526 1.860254 1.887978 1.914335 1.952557 2.015957 2.094450 2.174529 2.240388 2.286088 2.324200 2.365718 2.403524 2.435468 2.466811 2.499991 2.555661 2.628297 2.667077 2.690541 2.714599 2.739576 2.766721 2.793994 2.822867 2.858341 2.904146 2.941852 2.978568 3.016154 3.053798 3.115865 
Elapsed_time: 3.115865
Score: 8.481739
dwt_2680
FR
50
252850.039766 170104.349259 110645.635875 69323.380865 41754.131193 24203.250359 13674.852122 7812.699844 4833.630504 3460.494950 2847.712402 2575.217159 2398.714547 2270.562928 2166.192603 2084.323864 2012.644448 1949.872959 1892.952051 1839.639367 1790.309498 1744.591252 1699.362516 1653.168162 1608.085167 1565.088076 1522.503297 1479.147329 1438.444018 1397.001018 1357.582214 1318.837472 1281.920620 1246.537683 1211.898778 1178.238936 1146.083754 1114.920898 1085.903379 1057.276582 1031.175193 1006.108894 982.477315 960.885015 941.412841 924.354003 909.972444 898.285787 889.461873 883.607847 
0.645483 1.075657 1.452855 1.735607 2.036123 2.270312 2.576760 2.897981 3.163073 3.394466 3.717744 4.173247 4.421702 4.766806 5.065758 5.353077 5.651532 6.035283 6.294807 6.503882 6.766169 7.139319 7.521570 7.872528 8.134067 8.503524 8.849575 9.171658 9.395084 9.725537 10.019970 10.310752 10.525817 10.867624 11.207730 11.483355 11.848653 12.185958 12.456735 12.766488 13.167555 13.514302 13.776583 14.113481 14.350684 14.651241 14.928890 15.330058 15.723777 16.003563 
Elapsed_time: 16.003563
Score: 883.607847
CN-FR
51
660.196430 805.239163 587.210023 736.170091 565.780640 691.315821 538.346338 644.723969 508.169781 606.402911 480.659582 568.037424 453.244393 531.484782 427.860604 497.345092 403.455563 464.345544 380.071751 429.503836 356.068453 397.779502 333.722674 367.176473 311.221992 336.960492 287.811508 307.682691 265.684917 279.643227 243.588562 252.606149 222.071963 226.435119 201.472150 201.737889 180.253989 177.315871 158.161890 151.354261 135.608711 127.635189 114.677503 105.706367 94.655755 85.547454 76.284040 68.585754 61.743994 56.473857 52.875779 
2.590002 2.882452 3.233498 3.614515 3.990473 4.359911 4.697172 5.066568 5.326295 5.576492 5.830215 6.038940 6.358276 6.632521 6.995577 7.365101 7.592602 7.919378 8.128398 8.359484 8.640196 8.947303 9.166154 9.391594 9.674429 10.006201 10.219021 10.576162 10.890132 11.237232 11.511382 11.714481 11.994008 12.295450 12.638791 12.851284 13.081819 13.345697 13.668013 13.993515 14.205773 14.653379 15.007835 15.349414 15.601139 15.881702 16.263230 16.601468 16.995487 17.346670 17.672136 
Elapsed_time: 17.672136
Score: 52.875779
L-BFGS
51
47402.605469 40666.718750 8194.631836 4337.914062 3201.977539 2922.259521 2620.264160 2357.913086 2206.289795 1990.045532 1780.536987 1655.454590 1544.524658 1425.862915 1323.773315 1238.643311 1161.019165 1068.686157 987.366638 912.975220 851.700378 784.495789 731.895142 681.056885 637.132385 587.686768 542.747559 496.508423 447.844452 406.635345 364.491394 325.976868 291.775574 261.649414 229.280655 194.624252 162.708435 131.514587 97.368927 87.399437 59.835041 33.394215 3.261976 -17.662865 -43.750172 -66.051773 -85.845650 -102.448807 -121.828026 -135.789551 -148.793991 
0.456603 0.879706 1.245234 1.462538 1.808746 2.012254 2.245161 2.770485 2.972137 3.178819 3.373950 3.560994 3.743051 3.972594 4.309857 4.691376 5.025617 5.300342 5.494686 5.663437 5.821178 6.018869 6.308713 6.564480 6.799563 7.020883 7.185053 7.373913 7.560567 7.725862 7.923103 8.147752 8.400346 8.593401 8.826605 9.076687 9.239140 9.402667 9.606972 9.784322 10.117542 10.348350 10.548072 10.820336 11.062685 11.420553 11.726025 11.951636 12.374710 12.602157 12.842772 
Elapsed_time: 12.842772
Score: -148.793991
CN-L-BFGS
52
660.196430 660.196411 411.167236 243.267288 195.653183 170.642792 149.934357 127.986115 97.441895 73.199020 51.694328 23.602184 -1.475290 -40.676121 -74.249245 -109.429916 -147.272644 -181.770279 -219.635513 -263.075897 -296.534607 -325.425598 -355.890289 -381.830597 -406.757629 -429.151886 -451.719238 -473.345001 -492.702148 -510.158630 -526.411255 -539.776794 -554.185364 -564.252197 -575.020020 -585.350769 -596.387939 -603.389648 -612.029724 -619.806580 -628.005859 -636.162781 -642.873169 -650.091919 -656.231201 -660.982727 -666.133728 -671.475403 -676.198242 -680.492249 -684.490173 -688.688049 
2.060103 2.309695 2.516813 2.698821 2.893370 3.130507 3.357388 3.596411 3.823995 4.021405 4.175832 4.321966 4.464739 4.619971 4.798507 5.019541 5.174672 5.356332 5.603369 5.843962 6.097011 6.347687 6.597603 6.825560 7.021040 7.242491 7.370800 7.530923 7.703192 7.911267 8.160697 8.413490 8.581126 8.741258 8.936001 9.177985 9.404967 9.628975 9.846363 10.003422 10.142378 10.334652 10.529111 10.714107 10.919836 11.178268 11.339722 11.505909 11.733173 11.926569 12.088602 12.328174 
Elapsed_time: 12.328174
Score: -688.688049
