1 4
_circleHandmade_3_2_6
CI_FR
195
32.036136 20.801127 13.438397 8.103655 4.847095 3.430278 2.032082 1.597192 1.235800 1.009497 0.961617 0.827963 0.832507 0.732214 0.755215 0.669314 0.704627 0.624638 0.665009 0.588812 0.631802 0.557758 0.602809 0.530179 0.576948 0.505399 0.553483 0.482880 0.532006 0.462229 0.502652 0.443749 0.483858 0.425675 0.466468 0.408775 0.449673 0.392667 0.433771 0.377242 0.411311 0.362873 0.395205 0.348423 0.379664 0.334268 0.363420 0.317724 0.349369 0.264620 0.334383 0.246083 0.311887 0.226177 0.297620 0.205969 0.271726 0.172115 0.247796 0.157869 0.232009 0.137071 0.216725 0.121702 0.198006 0.101141 0.173728 0.068904 0.141655 0.052634 0.115780 0.035465 0.100922 0.016021 0.086465 -0.006740 0.054904 -0.030105 0.040276 -0.044489 0.028672 -0.057568 0.015372 -0.070926 -0.001582 -0.086335 -0.019550 -0.105059 -0.054800 -0.127964 -0.067506 -0.145818 -0.094077 -0.165002 -0.124321 -0.193511 -0.142432 -0.204224 -0.158540 -0.212148 -0.183888 -0.230641 -0.200189 -0.255255 -0.221229 -0.280424 -0.254763 -0.302992 -0.272987 -0.335251 -0.312746 -0.370393 -0.336656 -0.384237 -0.353403 -0.399875 -0.369533 -0.411560 -0.381912 -0.428216 -0.399360 -0.436200 -0.408987 -0.449632 -0.431020 -0.468565 -0.446574 -0.482263 -0.457067 -0.490815 -0.472994 -0.499029 -0.487489 -0.516875 -0.504518 -0.534666 -0.523292 -0.553675 -0.542913 -0.570272 -0.565551 -0.590709 -0.580780 -0.600429 -0.590761 -0.607723 -0.599378 -0.621771 -0.612005 -0.638898 -0.631705 -0.653486 -0.646677 -0.665908 -0.662558 -0.675293 -0.672071 -0.684628 -0.682929 -0.698684 -0.698241 -0.711065 -0.709713 -0.721163 -0.721591 -0.728275 -0.730625 -0.740596 -0.742852 -0.751810 -0.755695 -0.763097 -0.765633 -0.771162 -0.775291 -0.780993 -0.782890 -0.787736 -0.790464 -0.794903 -0.796097 -0.799812 -0.801410 -0.804246 -0.805004 -0.806818 -0.807235 -0.808407 -0.808743 -0.809810 -0.810372 -0.810922 -0.811406 -0.811751 -0.811982 
1.195079 1.195113 1.195142 1.195171 1.195200 1.195237 1.195283 1.195330 1.195375 1.195428 1.195467 1.195508 1.195552 1.195596 1.195641 1.195681 1.195727 1.195772 1.195818 1.195870 1.195917 1.195946 1.195975 1.196020 1.196070 1.196106 1.196145 1.196174 1.196211 1.196267 1.196324 1.196363 1.196401 1.196466 1.196508 1.196553 1.196581 1.196609 1.196637 1.196665 1.196694 1.196722 1.196750 1.196778 1.196806 1.196834 1.196862 1.196891 1.196924 1.196952 1.196980 1.197008 1.197036 1.197064 1.197093 1.197121 1.197149 1.197178 1.197206 1.197234 1.197262 1.197290 1.197319 1.197348 1.197377 1.197406 1.197434 1.197463 1.197492 1.197638 1.197667 1.197696 1.197725 1.197754 1.197782 1.197811 1.197840 1.197869 1.197898 1.197926 1.197955 1.197984 1.198013 1.198042 1.198070 1.198099 1.198128 1.198157 1.198186 1.198215 1.198244 1.198272 1.198301 1.198330 1.198359 1.198388 1.198416 1.198445 1.198474 1.198503 1.198532 1.198561 1.198590 1.198619 1.198648 1.198678 1.198707 1.198737 1.198766 1.198796 1.198825 1.198855 1.198885 1.198914 1.198944 1.198973 1.199003 1.199032 1.199062 1.199091 1.199121 1.199159 1.199189 1.199218 1.199248 1.199277 1.199307 1.199336 1.199366 1.199395 1.199439 1.199469 1.199503 1.199543 1.199581 1.199611 1.199641 1.199671 1.199702 1.199732 1.199762 1.199792 1.199823 1.199853 1.199883 1.199913 1.199944 1.199974 1.200004 1.200035 1.200065 1.200095 1.200126 1.200156 1.200186 1.200217 1.200247 1.200279 1.200309 1.200339 1.200370 1.200400 1.200430 1.200460 1.200490 1.200521 1.200587 1.200618 1.200648 1.200678 1.200710 1.200740 1.200771 1.200801 1.200831 1.200862 1.200892 1.200923 1.200953 1.200984 1.201014 1.201045 1.201076 1.201106 1.201137 1.201167 1.201197 1.201227 1.201257 1.201288 1.201318 1.201348 1.201378 1.201408 1.201439 
Elapsed_time: 1.201439
Score: -0.811982
CN_FR
196
9.518707 5.450055 3.740852 2.755957 2.004341 1.513015 1.275011 1.134388 1.270384 1.089617 1.216957 1.054338 1.180551 1.024471 1.149178 0.997719 1.120830 0.973264 1.094698 0.950610 1.070293 0.929403 1.047286 0.909378 1.025431 0.890331 1.004540 0.872103 0.984466 0.854568 0.965091 0.837628 0.946324 0.821204 0.928089 0.805233 0.910326 0.789664 0.892985 0.774457 0.876027 0.759578 0.859419 0.745000 0.843133 0.730703 0.827147 0.716667 0.811443 0.702877 0.793750 0.689522 0.778602 0.676174 0.756512 0.663764 0.726897 0.638872 0.713239 0.626023 0.699041 0.606620 0.678912 0.594853 0.664928 0.582554 0.645033 0.559684 0.630986 0.543769 0.616862 0.527976 0.592042 0.517413 0.577124 0.500019 0.561655 0.482790 0.545939 0.452434 0.535111 0.441620 0.507169 0.417459 0.493360 0.405239 0.477591 0.391696 0.466152 0.376586 0.438087 0.359835 0.424543 0.347011 0.409065 0.328963 0.394380 0.311909 0.378203 0.298233 0.351197 0.280139 0.326363 0.241872 0.236843 0.154910 0.131610 0.072414 0.076580 0.042993 0.072220 0.029265 0.058217 0.015700 0.025561 -0.030874 -0.032774 -0.089097 -0.105195 -0.173217 -0.186835 -0.244404 -0.224238 -0.253508 -0.237545 -0.262227 -0.255852 -0.290331 -0.308388 -0.353791 -0.361967 -0.376370 -0.391298 -0.390923 -0.417255 -0.422833 -0.460328 -0.473715 -0.520743 -0.549594 -0.587591 -0.606848 -0.630537 -0.642514 -0.656732 -0.663005 -0.677927 -0.686489 -0.703377 -0.713938 -0.727455 -0.735133 -0.744697 -0.750427 -0.762962 -0.769225 -0.777803 -0.783900 -0.795945 -0.811274 -0.826377 -0.841236 -0.852089 -0.859000 -0.870506 -0.878390 -0.893282 -0.904290 -0.917725 -0.922600 -0.931527 -0.934799 -0.946430 -0.955346 -0.966289 -0.969866 -0.974546 -0.978309 -0.986064 -0.991892 -0.996613 -0.998839 -1.002153 -1.003677 -1.007575 -1.009735 -1.011448 -1.012036 -1.014029 -1.014733 -1.016127 -1.016820 -1.017401 -1.017924 -1.018341 -1.018643 
0.000516 0.000549 0.000580 0.000611 0.000642 0.000673 0.000704 0.000735 0.000766 0.000796 0.000826 0.000857 0.000887 0.000917 0.000947 0.000977 0.001008 0.001038 0.001068 0.001098 0.001129 0.001159 0.001189 0.001219 0.001250 0.001280 0.001310 0.001340 0.001370 0.001401 0.001431 0.001461 0.001491 0.001522 0.001552 0.001582 0.001613 0.001643 0.001673 0.001703 0.001734 0.001764 0.001794 0.001824 0.001854 0.001885 0.001916 0.001946 0.001976 0.002006 0.002037 0.002067 0.002097 0.002127 0.002157 0.002188 0.002218 0.002249 0.002279 0.002317 0.002347 0.002377 0.002407 0.002438 0.002469 0.002499 0.002530 0.002560 0.002590 0.002620 0.002651 0.002681 0.002712 0.002742 0.002772 0.002802 0.002833 0.002864 0.002894 0.002924 0.002959 0.002990 0.003020 0.003061 0.003102 0.003143 0.003187 0.003227 0.003262 0.003294 0.003372 0.003402 0.003433 0.003464 0.003494 0.003524 0.003554 0.003585 0.003615 0.003646 0.003682 0.003712 0.003746 0.003782 0.003815 0.003859 0.003890 0.003939 0.003981 0.004010 0.004039 0.004068 0.004097 0.004126 0.004155 0.004184 0.004213 0.004242 0.004271 0.004300 0.004329 0.004358 0.004387 0.004416 0.004445 0.004474 0.004503 0.004532 0.004561 0.004590 0.004619 0.004661 0.004691 0.004721 0.004755 0.004785 0.004814 0.004844 0.004874 0.005017 0.005053 0.005083 0.005112 0.005142 0.005171 0.005202 0.005231 0.005261 0.005290 0.005320 0.005349 0.005379 0.005409 0.005438 0.005468 0.005497 0.005527 0.005557 0.005586 0.005616 0.005645 0.005675 0.005705 0.005748 0.005777 0.005807 0.005836 0.005866 0.005895 0.005925 0.005954 0.005984 0.006056 0.006085 0.006115 0.006144 0.006174 0.006203 0.006233 0.006275 0.006302 0.006349 0.006377 0.006406 0.006435 0.006464 0.006493 0.006522 0.006551 0.006580 0.006608 0.006637 0.006672 0.006711 0.006748 0.006804 
Elapsed_time: 0.006804
Score: -1.018643
CI_L_BFGS
33
35.184628 35.184628 6.618278 5.347516 2.920086 1.612116 0.690662 -0.012662 -0.614015 -1.035026 -1.377072 -1.549240 -1.662574 -1.702282 -1.710579 -1.720264 -1.724246 -1.730779 -1.743008 -1.754573 -1.758707 -1.761041 -1.761507 -1.761650 -1.761676 -1.761699 -1.761701 -1.761704 -1.761705 -1.761705 -1.761706 -1.761706 -1.761706 
1.187906 1.187932 1.188002 1.188029 1.188076 1.188117 1.188158 1.188198 1.188223 1.188264 1.188303 1.188328 1.188368 1.188408 1.188448 1.188471 1.188532 1.188571 1.188612 1.188651 1.188696 1.188736 1.188774 1.188799 1.188852 1.188891 1.188931 1.188955 1.188998 1.189037 1.189061 1.189122 1.189182 
Elapsed_time: 1.189182
Score: -1.761706
CN_L_BFGS
53
9.518707 9.518707 4.049437 2.324512 1.484808 0.716711 0.365970 -0.092677 -0.317355 -0.506824 -0.736347 -0.829961 -0.915098 -0.938079 -0.955437 -0.965710 -0.974580 -0.987628 -0.997736 -1.003300 -1.008455 -1.010150 -1.012223 -1.014458 -1.015732 -1.016844 -1.017838 -1.018984 -1.020013 -1.021580 -1.022031 -1.022465 -1.022544 -1.022879 -1.022987 -1.023097 -1.023268 -1.023524 -1.023844 -1.024031 -1.024230 -1.024290 -1.024322 -1.024344 -1.024350 -1.024359 -1.024366 -1.024373 -1.024378 -1.024382 -1.024383 -1.024384 -1.024385 
0.000507 0.000532 0.000577 0.000603 0.000648 0.000689 0.000730 0.000772 0.000812 0.000840 0.000881 0.000928 0.000969 0.001009 0.001050 0.001089 0.001114 0.001138 0.001179 0.001218 0.001242 0.001268 0.001307 0.001331 0.001371 0.001410 0.001450 0.001474 0.001515 0.001555 0.001579 0.001619 0.001658 0.001697 0.001738 0.001778 0.001821 0.001860 0.001885 0.001930 0.001969 0.001994 0.002018 0.002058 0.002083 0.002124 0.002182 0.002224 0.002249 0.002291 0.002332 0.002357 0.002384 
Elapsed_time: 0.002384
Score: -1.024385
