100 100 0.1
0 1 2
0 99 2
1 2 2
2 3 2
3 4 2
4 5 2
5 6 2
6 7 2
7 8 2
8 9 2
9 10 2
10 11 2
11 12 2
12 13 2
13 14 2
14 15 2
15 16 2
16 17 2
17 18 2
18 19 2
19 20 2
20 21 2
21 22 2
22 23 2
23 24 2
24 25 2
25 26 2
26 27 2
27 28 2
28 29 2
29 30 2
30 31 2
31 32 2
32 33 2
33 34 2
34 35 2
35 36 2
36 37 2
37 38 2
38 39 2
39 40 2
40 41 2
41 42 2
42 43 2
43 44 2
44 45 2
45 46 2
46 47 2
47 48 2
48 49 2
49 50 2
50 51 2
51 52 2
52 53 2
53 54 2
54 55 2
55 56 2
56 57 2
57 58 2
58 59 2
59 60 2
60 61 2
61 62 2
62 63 2
63 64 2
64 65 2
65 66 2
66 67 2
67 68 2
68 69 2
69 70 2
70 71 2
71 72 2
72 73 2
73 74 2
74 75 2
75 76 2
76 77 2
77 78 2
78 79 2
79 80 2
80 81 2
81 82 2
82 83 2
83 84 2
84 85 2
85 86 2
86 87 2
87 88 2
88 89 2
89 90 2
90 91 2
91 92 2
92 93 2
93 94 2
94 95 2
95 96 2
96 97 2
97 98 2
98 99 2
4
1.0397 1.95759
0.862053 2.05693
0.667145 2.11657
0.463923 2.14093
0.258868 2.13516
0.0564745 2.10818
-0.140925 2.07177
-0.332029 2.0338
-0.514535 1.99321
-0.682972 1.93856
-0.823165 1.84651
-0.909273 1.70067
-0.934929 1.5155
-0.921773 1.34774
-0.882832 1.20658
-0.808433 1.11757
-0.750682 1.13332
-0.87606 1.12903
-1.04907 1.13003
-1.23205 1.1153
-1.39486 1.05511
-1.50624 0.935021
-1.55414 0.775738
-1.55105 0.603111
-1.50722 0.431773
-1.41558 0.272142
-1.28267 0.131174
-1.12012 0.0111103
-0.937907 -0.08604
-0.740662 -0.163379
-0.532373 -0.22324
-0.315119 -0.268365
-0.0891968 -0.302029
0.146171 -0.327822
0.392467 -0.349239
0.651022 -0.36898
0.922669 -0.373225
1.18832 -0.357015
1.45113 -0.320033
1.69383 -0.242072
1.90384 -0.134671
2.07408 0.000992368
2.20251 0.156024
2.28097 0.320533
2.27641 0.481359
2.15862 0.588715
1.97925 0.615327
1.77805 0.580714
1.56791 0.504032
1.35126 0.398625
1.15787 0.255698
0.986611 0.0865566
0.83925 -0.105898
0.718406 -0.319734
0.613737 -0.549397
0.521394 -0.770258
0.430469 -0.979175
0.332734 -1.1733
0.218294 -1.34687
0.0788943 -1.49041
-0.0880568 -1.59181
-0.276502 -1.64146
-0.474945 -1.6385
-0.673326 -1.59042
-0.867163 -1.50921
-1.06125 -1.41171
-1.25601 -1.30772
-1.45144 -1.20595
-1.64773 -1.11642
-1.844 -1.05097
-2.03526 -1.02207
-2.20824 -1.04242
-2.33017 -1.1268
-2.33648 -1.27418
-2.2303 -1.40769
-2.0645 -1.5224
-1.86348 -1.63398
-1.63516 -1.74346
-1.38318 -1.84588
-1.11043 -1.93409
-0.820545 -2.00031
-0.518863 -2.03664
-0.212957 -2.03594
0.0878184 -1.99234
0.373613 -1.90087
0.634933 -1.76285
0.864001 -1.58254
1.05546 -1.36577
1.20621 -1.11846
1.31553 -0.846616
1.38484 -0.555143
1.41809 -0.247463
1.43326 0.0535821
1.43363 0.349559
1.41875 0.641288
1.41115 0.91434
1.3962 1.17019
1.35929 1.40759
1.29116 1.62333
1.18495 1.81007
-0.557549 1.64447
-0.579127 2.01408
-0.589979 2.335
-0.584511 2.67952
-0.544729 3.00762
-0.523599 3.32362
-0.476575 3.67372
-0.430405 4.00055
-0.364681 4.31773
-0.308117 4.61798
-0.257997 4.90644
-0.230419 5.1844
-0.219174 5.47336
-0.212748 5.74731
-0.230683 6.01884
-0.297569 6.26183
-0.40341 6.47808
-0.52338 6.66572
-0.672368 6.79937
-0.851816 6.83882
-1.03393 6.78808
-1.18117 6.68689
-1.30012 6.53565
-1.37585 6.32988
-1.37521 6.09542
-1.32862 5.84567
-1.26321 5.5969
-1.17207 5.34462
-1.05012 5.09929
-0.895826 4.85533
-0.727518 4.61625
-0.560012 4.37533
-0.362231 4.12296
-0.175528 3.89399
0.0143121 3.6156
0.20083 3.34334
0.387682 3.06485
0.564723 2.79892
0.725801 2.51855
0.867004 2.25049
0.994306 1.97094
1.09302 1.67414
1.16307 1.36263
1.21849 1.04191
1.2599 0.706141
1.28207 0.376159
1.29825 0.0434665
1.29856 -0.275961
1.28158 -0.603741
1.23848 -0.933651
1.18757 -1.26886
1.13488 -1.60321
1.07199 -1.9406
0.990043 -2.27228
0.880182 -2.58541
0.715927 -2.91028
0.544736 -3.19746
0.314667 -3.49247
0.137438 -3.77845
-0.0367113 -4.06946
-0.186871 -4.34942
-0.315607 -4.62456
-0.424066 -4.90758
-0.513573 -5.17944
-0.57725 -5.45111
-0.592554 -5.71414
-0.570929 -5.95736
-0.531359 -6.17472
-0.46232 -6.36194
-0.346984 -6.51244
-0.184726 -6.60018
0.0117016 -6.60155
0.210242 -6.55032
0.390377 -6.44266
0.516675 -6.27633
0.596755 -6.06447
0.638752 -5.82338
0.653506 -5.56163
0.659927 -5.29434
0.662675 -5.01746
0.642112 -4.75124
0.59899 -4.46617
0.5471 -4.18645
0.477026 -3.87624
0.409001 -3.58577
0.305285 -3.2624
0.211347 -2.97067
0.108254 -2.65109
0.0189039 -2.34956
-0.0583003 -2.03887
-0.13837 -1.71083
-0.203573 -1.38643
-0.263371 -1.05572
-0.310001 -0.722681
-0.3558 -0.389372
-0.407006 -0.0636566
-0.461759 0.270683
-0.504927 0.606826
-0.530589 0.946662
-0.545164 1.31228
2.14105 1.96328
2.01511 2.18142
1.76322 2.18142
1.63728 1.96328
1.88917 1.96328
1.76322 1.74514
2.14105 1.52699
2.39294 1.52699
2.77078 1.74514
3.14861 1.96328
3.52644 2.18142
3.65239 2.39956
3.90427 2.39956
4.03022 2.18142
3.77833 2.18142
3.27455 2.18142
2.89672 1.96328
2.64483 1.96328
2.267 1.74514
2.01511 1.74514
1.63728 1.52699
1.88917 1.52699
2.01511 1.30885
2.267 1.30885
2.39294 1.09071
2.64483 1.09071
2.77078 0.872568
3.02266 0.872568
2.89672 0.654426
3.14861 0.654426
3.4005 0.654426
3.27455 0.872568
3.52644 0.872568
3.77833 0.872568
3.90427 1.09071
3.77833 1.30885
4.15616 1.52699
4.28211 1.74514
4.15616 1.96328
3.90427 1.96328
3.65239 1.96328
3.52644 1.74514
3.52644 1.30885
3.27455 1.74514
3.14861 1.52699
3.02266 1.30885
3.27455 1.30885
3.4005 1.52699
3.65239 1.52699
3.90427 1.52699
4.03022 1.74514
4.40805 1.96328
4.28211 2.18142
4.15616 2.39956
4.03022 2.6177
3.90427 2.83585
3.77833 2.6177
3.4005 2.83585
3.14861 2.83585
3.02266 3.05399
2.77078 3.05399
3.65239 2.83585
2.89672 2.83585
2.64483 2.83585
2.51889 2.6177
2.89672 2.39956
3.14861 2.39956
2.64483 2.39956
2.77078 2.6177
3.02266 2.6177
3.27455 2.6177
3.52644 2.6177
3.4005 2.39956
3.02266 2.18142
2.51889 2.18142
2.267 2.18142
2.14105 2.39956
1.88917 2.39956
2.01511 2.6177
2.267 2.6177
2.39294 2.39956
2.77078 2.18142
3.4005 1.96328
3.77833 1.74514
4.03022 1.30885
4.15616 1.09071
4.40805 0.654426
4.28211 0.872568
4.03022 0.872568
3.65239 1.09071
3.4005 1.09071
3.14861 1.09071
2.89672 1.09071
2.77078 1.30885
3.02266 1.74514
2.89672 1.52699
2.64483 1.52699
2.51889 1.30885
2.51889 1.74514
2.39294 1.96328
-1.53835 0.71614
-1.52514 0.430053
-1.49586 0.134358
-1.44688 -0.144086
-1.37541 -0.428053
-1.28941 -0.69314
-1.18199 -0.955591
-1.05062 -1.19758
-0.884656 -1.42216
-0.692542 -1.62458
-0.485589 -1.81083
-0.266765 -1.98344
-0.0387869 -2.13545
0.203197 -2.26905
0.448331 -2.3893
0.704228 -2.51132
0.959071 -2.6248
1.23486 -2.71457
1.51071 -2.77115
1.7924 -2.80195
2.0695 -2.80724
2.34579 -2.78982
2.62737 -2.74737
2.91486 -2.68965
3.20008 -2.62281
3.49373 -2.53807
3.76248 -2.44551
4.03812 -2.33133
4.29337 -2.20914
4.54859 -2.06364
4.79374 -1.90003
5.02998 -1.71888
5.2598 -1.5243
5.47875 -1.32709
5.69887 -1.12192
5.91342 -0.920672
6.12916 -0.706578
6.33019 -0.479701
6.51586 -0.235104
6.69238 0.0141768
6.86627 0.263634
7.02989 0.509122
7.18319 0.767955
7.31862 1.02158
7.45473 1.28496
7.57737 1.54114
7.68488 1.8074
7.77035 2.07533
7.8371 2.35181
7.87564 2.62791
7.88663 2.911
7.88061 3.18373
7.86994 3.45843
7.84228 3.7269
7.78369 3.99107
7.70232 4.25687
7.61101 4.51487
7.49188 4.76928
7.3404 4.99841
7.15505 5.21493
6.95134 5.41192
6.72148 5.58822
6.47347 5.7324
6.21405 5.85424
5.9537 5.96352
5.6861 6.06871
5.4102 6.16509
5.11328 6.24589
4.80338 6.30269
4.4894 6.33813
4.16344 6.35657
3.86276 6.35836
3.53451 6.33479
3.2368 6.29645
2.91783 6.24972
2.60327 6.19929
2.29483 6.14123
1.9978 6.06235
1.69823 5.95732
1.43477 5.84567
1.15682 5.70232
0.910609 5.54675
0.66832 5.36812
0.432795 5.17396
0.208582 4.9676
-0.0048265 4.75156
-0.215789 4.52137
-0.409716 4.29523
-0.599591 4.05596
-0.771253 3.80577
-0.919464 3.54776
-1.05911 3.27346
-1.18514 2.99927
-1.2931 2.72375
-1.38151 2.43329
-1.44079 2.15322
-1.4866 1.86631
-1.52287 1.57952
-1.53833 1.29781
-1.54319 1.00645
