936 2664 0.032686
0 1 1
0 35 1
0 113 1
1 2 1
1 35 1
1 36 1
2 3 1
2 36 1
2 37 1
3 4 1
3 37 1
3 38 1
4 5 1
4 38 1
4 39 1
5 6 1
5 39 1
5 40 1
6 7 1
6 40 1
6 41 1
7 8 1
7 41 1
7 42 1
8 9 1
8 42 1
8 43 1
9 10 1
9 43 1
9 44 1
10 11 1
10 44 1
10 45 1
11 12 1
11 13 1
11 45 1
12 13 1
12 169 1
12 247 1
13 14 1
13 45 1
13 169 1
13 192 1
14 15 1
14 45 1
14 54 1
14 192 1
14 202 1
15 16 1
15 54 1
15 62 1
15 202 1
15 211 1
16 17 1
16 62 1
16 69 1
16 211 1
16 219 1
17 18 1
17 69 1
17 75 1
17 219 1
17 226 1
18 19 1
18 75 1
18 80 1
18 226 1
18 232 1
19 20 1
19 80 1
19 84 1
19 232 1
19 237 1
20 21 1
20 84 1
20 87 1
20 237 1
20 241 1
21 22 1
21 87 1
21 89 1
21 241 1
21 244 1
22 23 1
22 89 1
22 90 1
22 244 1
22 246 1
23 24 1
23 25 1
23 90 1
23 191 1
23 246 1
24 25 1
24 91 1
24 191 1
24 793 1
25 26 1
25 90 1
25 91 1
25 123 1
26 27 1
26 88 1
26 90 1
26 122 1
26 123 1
27 28 1
27 85 1
27 88 1
27 121 1
27 122 1
28 29 1
28 81 1
28 85 1
28 120 1
28 121 1
29 30 1
29 76 1
29 81 1
29 119 1
29 120 1
30 31 1
30 70 1
30 76 1
30 118 1
30 119 1
31 32 1
31 63 1
31 70 1
31 117 1
31 118 1
32 33 1
32 55 1
32 63 1
32 116 1
32 117 1
33 34 1
33 46 1
33 55 1
33 115 1
33 116 1
34 35 1
34 36 1
34 46 1
34 114 1
34 115 1
35 36 1
35 113 1
35 114 1
36 37 1
36 46 1
37 38 1
37 46 1
37 47 1
38 39 1
38 47 1
38 48 1
39 40 1
39 48 1
39 49 1
40 41 1
40 49 1
40 50 1
41 42 1
41 50 1
41 51 1
42 43 1
42 51 1
42 52 1
43 44 1
43 52 1
43 53 1
44 45 1
44 53 1
44 54 1
45 54 1
46 47 1
46 55 1
47 48 1
47 55 1
47 56 1
48 49 1
48 56 1
48 57 1
49 50 1
49 57 1
49 58 1
50 51 1
50 58 1
50 59 1
51 52 1
51 59 1
51 60 1
52 53 1
52 60 1
52 61 1
53 54 1
53 61 1
53 62 1
54 62 1
55 56 1
55 63 1
56 57 1
56 63 1
56 64 1
57 58 1
57 64 1
57 65 1
58 59 1
58 65 1
58 66 1
59 60 1
59 66 1
59 67 1
60 61 1
60 67 1
60 68 1
61 62 1
61 68 1
61 69 1
62 69 1
63 64 1
63 70 1
64 65 1
64 70 1
64 71 1
65 66 1
65 71 1
65 72 1
66 67 1
66 72 1
66 73 1
67 68 1
67 73 1
67 74 1
68 69 1
68 74 1
68 75 1
69 75 1
70 71 1
70 76 1
71 72 1
71 76 1
71 77 1
72 73 1
72 77 1
72 78 1
73 74 1
73 78 1
73 79 1
74 75 1
74 79 1
74 80 1
75 80 1
76 77 1
76 81 1
77 78 1
77 81 1
77 82 1
78 79 1
78 82 1
78 83 1
79 80 1
79 83 1
79 84 1
80 84 1
81 82 1
81 85 1
82 83 1
82 85 1
82 86 1
83 84 1
83 86 1
83 87 1
84 87 1
85 86 1
85 88 1
86 87 1
86 88 1
86 89 1
87 89 1
88 89 1
88 90 1
89 90 1
91 92 1
91 123 1
91 793 1
91 824 1
92 93 1
92 123 1
92 132 1
92 823 1
92 824 1
93 94 1
93 132 1
93 140 1
93 822 1
93 823 1
94 95 1
94 140 1
94 147 1
94 821 1
94 822 1
95 96 1
95 147 1
95 153 1
95 820 1
95 821 1
96 97 1
96 153 1
96 158 1
96 819 1
96 820 1
97 98 1
97 158 1
97 162 1
97 818 1
97 819 1
98 99 1
98 162 1
98 165 1
98 817 1
98 818 1
99 100 1
99 165 1
99 167 1
99 816 1
99 817 1
100 101 1
100 167 1
100 168 1
100 815 1
100 816 1
101 102 1
101 103 1
101 168 1
101 814 1
101 815 1
102 103 1
102 814 1
102 880 1
103 104 1
103 168 1
104 105 1
104 166 1
104 168 1
105 106 1
105 163 1
105 166 1
106 107 1
106 159 1
106 163 1
107 108 1
107 154 1
107 159 1
108 109 1
108 148 1
108 154 1
109 110 1
109 141 1
109 148 1
110 111 1
110 133 1
110 141 1
111 112 1
111 124 1
111 133 1
112 113 1
112 114 1
112 124 1
113 114 1
114 115 1
114 124 1
115 116 1
115 124 1
115 125 1
116 117 1
116 125 1
116 126 1
117 118 1
117 126 1
117 127 1
118 119 1
118 127 1
118 128 1
119 120 1
119 128 1
119 129 1
120 121 1
120 129 1
120 130 1
121 122 1
121 130 1
121 131 1
122 123 1
122 131 1
122 132 1
123 132 1
124 125 1
124 133 1
125 126 1
125 133 1
125 134 1
126 127 1
126 134 1
126 135 1
127 128 1
127 135 1
127 136 1
128 129 1
128 136 1
128 137 1
129 130 1
129 137 1
129 138 1
130 131 1
130 138 1
130 139 1
131 132 1
131 139 1
131 140 1
132 140 1
133 134 1
133 141 1
134 135 1
134 141 1
134 142 1
135 136 1
135 142 1
135 143 1
136 137 1
136 143 1
136 144 1
137 138 1
137 144 1
137 145 1
138 139 1
138 145 1
138 146 1
139 140 1
139 146 1
139 147 1
140 147 1
141 142 1
141 148 1
142 143 1
142 148 1
142 149 1
143 144 1
143 149 1
143 150 1
144 145 1
144 150 1
144 151 1
145 146 1
145 151 1
145 152 1
146 147 1
146 152 1
146 153 1
147 153 1
148 149 1
148 154 1
149 150 1
149 154 1
149 155 1
150 151 1
150 155 1
150 156 1
151 152 1
151 156 1
151 157 1
152 153 1
152 157 1
152 158 1
153 158 1
154 155 1
154 159 1
155 156 1
155 159 1
155 160 1
156 157 1
156 160 1
156 161 1
157 158 1
157 161 1
157 162 1
158 162 1
159 160 1
159 163 1
160 161 1
160 163 1
160 164 1
161 162 1
161 164 1
161 165 1
162 165 1
163 164 1
163 166 1
164 165 1
164 166 1
164 167 1
165 167 1
166 167 1
166 168 1
167 168 1
169 170 1
169 192 1
169 247 1
169 270 1
170 171 1
170 192 1
170 193 1
170 270 1
170 280 1
171 172 1
171 193 1
171 194 1
171 280 1
171 289 1
172 173 1
172 194 1
172 195 1
172 289 1
172 297 1
173 174 1
173 195 1
173 196 1
173 297 1
173 304 1
174 175 1
174 196 1
174 197 1
174 304 1
174 310 1
175 176 1
175 197 1
175 198 1
175 310 1
175 315 1
176 177 1
176 198 1
176 199 1
176 315 1
176 319 1
177 178 1
177 199 1
177 200 1
177 319 1
177 322 1
178 179 1
178 200 1
178 201 1
178 322 1
178 324 1
179 180 1
179 181 1
179 201 1
179 269 1
179 324 1
180 181 1
180 269 1
180 347 1
180 425 1
181 182 1
181 201 1
182 183 1
182 201 1
182 210 1
183 184 1
183 210 1
183 218 1
184 185 1
184 218 1
184 225 1
185 186 1
185 225 1
185 231 1
186 187 1
186 231 1
186 236 1
187 188 1
187 236 1
187 240 1
188 189 1
188 240 1
188 243 1
189 190 1
189 243 1
189 245 1
190 191 1
190 245 1
190 246 1
191 246 1
192 193 1
192 202 1
193 194 1
193 202 1
193 203 1
194 195 1
194 203 1
194 204 1
195 196 1
195 204 1
195 205 1
196 197 1
196 205 1
196 206 1
197 198 1
197 206 1
197 207 1
198 199 1
198 207 1
198 208 1
199 200 1
199 208 1
199 209 1
200 201 1
200 209 1
200 210 1
201 210 1
202 203 1
202 211 1
203 204 1
203 211 1
203 212 1
204 205 1
204 212 1
204 213 1
205 206 1
205 213 1
205 214 1
206 207 1
206 214 1
206 215 1
207 208 1
207 215 1
207 216 1
208 209 1
208 216 1
208 217 1
209 210 1
209 217 1
209 218 1
210 218 1
211 212 1
211 219 1
212 213 1
212 219 1
212 220 1
213 214 1
213 220 1
213 221 1
214 215 1
214 221 1
214 222 1
215 216 1
215 222 1
215 223 1
216 217 1
216 223 1
216 224 1
217 218 1
217 224 1
217 225 1
218 225 1
219 220 1
219 226 1
220 221 1
220 226 1
220 227 1
221 222 1
221 227 1
221 228 1
222 223 1
222 228 1
222 229 1
223 224 1
223 229 1
223 230 1
224 225 1
224 230 1
224 231 1
225 231 1
226 227 1
226 232 1
227 228 1
227 232 1
227 233 1
228 229 1
228 233 1
228 234 1
229 230 1
229 234 1
229 235 1
230 231 1
230 235 1
230 236 1
231 236 1
232 233 1
232 237 1
233 234 1
233 237 1
233 238 1
234 235 1
234 238 1
234 239 1
235 236 1
235 239 1
235 240 1
236 240 1
237 238 1
237 241 1
238 239 1
238 241 1
238 242 1
239 240 1
239 242 1
239 243 1
240 243 1
241 242 1
241 244 1
242 243 1
242 244 1
242 245 1
243 245 1
244 245 1
244 246 1
245 246 1
247 248 1
247 270 1
248 249 1
248 270 1
248 271 1
249 250 1
249 271 1
249 272 1
250 251 1
250 272 1
250 273 1
251 252 1
251 273 1
251 274 1
252 253 1
252 274 1
252 275 1
253 254 1
253 275 1
253 276 1
254 255 1
254 276 1
254 277 1
255 256 1
255 277 1
255 278 1
256 257 1
256 278 1
256 279 1
257 258 1
257 259 1
257 279 1
258 259 1
258 325 1
259 260 1
259 279 1
259 325 1
259 348 1
260 261 1
260 279 1
260 288 1
260 348 1
260 358 1
261 262 1
261 288 1
261 296 1
261 358 1
261 367 1
262 263 1
262 296 1
262 303 1
262 367 1
262 375 1
263 264 1
263 303 1
263 309 1
263 375 1
263 382 1
264 265 1
264 309 1
264 314 1
264 382 1
264 388 1
265 266 1
265 314 1
265 318 1
265 388 1
265 393 1
266 267 1
266 318 1
266 321 1
266 393 1
266 397 1
267 268 1
267 321 1
267 323 1
267 397 1
267 400 1
268 269 1
268 323 1
268 324 1
268 400 1
268 402 1
269 324 1
269 347 1
269 402 1
270 271 1
270 280 1
271 272 1
271 280 1
271 281 1
272 273 1
272 281 1
272 282 1
273 274 1
273 282 1
273 283 1
274 275 1
274 283 1
274 284 1
275 276 1
275 284 1
275 285 1
276 277 1
276 285 1
276 286 1
277 278 1
277 286 1
277 287 1
278 279 1
278 287 1
278 288 1
279 288 1
280 281 1
280 289 1
281 282 1
281 289 1
281 290 1
282 283 1
282 290 1
282 291 1
283 284 1
283 291 1
283 292 1
284 285 1
284 292 1
284 293 1
285 286 1
285 293 1
285 294 1
286 287 1
286 294 1
286 295 1
287 288 1
287 295 1
287 296 1
288 296 1
289 290 1
289 297 1
290 291 1
290 297 1
290 298 1
291 292 1
291 298 1
291 299 1
292 293 1
292 299 1
292 300 1
293 294 1
293 300 1
293 301 1
294 295 1
294 301 1
294 302 1
295 296 1
295 302 1
295 303 1
296 303 1
297 298 1
297 304 1
298 299 1
298 304 1
298 305 1
299 300 1
299 305 1
299 306 1
300 301 1
300 306 1
300 307 1
301 302 1
301 307 1
301 308 1
302 303 1
302 308 1
302 309 1
303 309 1
304 305 1
304 310 1
305 306 1
305 310 1
305 311 1
306 307 1
306 311 1
306 312 1
307 308 1
307 312 1
307 313 1
308 309 1
308 313 1
308 314 1
309 314 1
310 311 1
310 315 1
311 312 1
311 315 1
311 316 1
312 313 1
312 316 1
312 317 1
313 314 1
313 317 1
313 318 1
314 318 1
315 316 1
315 319 1
316 317 1
316 319 1
316 320 1
317 318 1
317 320 1
317 321 1
318 321 1
319 320 1
319 322 1
320 321 1
320 322 1
320 323 1
321 323 1
322 323 1
322 324 1
323 324 1
325 326 1
325 348 1
326 327 1
326 348 1
326 349 1
327 328 1
327 349 1
327 350 1
328 329 1
328 350 1
328 351 1
329 330 1
329 351 1
329 352 1
330 331 1
330 352 1
330 353 1
331 332 1
331 353 1
331 354 1
332 333 1
332 354 1
332 355 1
333 334 1
333 355 1
333 356 1
334 335 1
334 356 1
334 357 1
335 336 1
335 337 1
335 357 1
336 337 1
336 403 1
336 481 1
337 338 1
337 357 1
337 403 1
337 435 1
338 339 1
338 357 1
338 366 1
338 434 1
338 435 1
339 340 1
339 366 1
339 374 1
339 433 1
339 434 1
340 341 1
340 374 1
340 381 1
340 432 1
340 433 1
341 342 1
341 381 1
341 387 1
341 431 1
341 432 1
342 343 1
342 387 1
342 392 1
342 430 1
342 431 1
343 344 1
343 392 1
343 396 1
343 429 1
343 430 1
344 345 1
344 396 1
344 399 1
344 428 1
344 429 1
345 346 1
345 399 1
345 401 1
345 427 1
345 428 1
346 347 1
346 401 1
346 402 1
346 426 1
346 427 1
347 402 1
347 425 1
347 426 1
348 349 1
348 358 1
349 350 1
349 358 1
349 359 1
350 351 1
350 359 1
350 360 1
351 352 1
351 360 1
351 361 1
352 353 1
352 361 1
352 362 1
353 354 1
353 362 1
353 363 1
354 355 1
354 363 1
354 364 1
355 356 1
355 364 1
355 365 1
356 357 1
356 365 1
356 366 1
357 366 1
358 359 1
358 367 1
359 360 1
359 367 1
359 368 1
360 361 1
360 368 1
360 369 1
361 362 1
361 369 1
361 370 1
362 363 1
362 370 1
362 371 1
363 364 1
363 371 1
363 372 1
364 365 1
364 372 1
364 373 1
365 366 1
365 373 1
365 374 1
366 374 1
367 368 1
367 375 1
368 369 1
368 375 1
368 376 1
369 370 1
369 376 1
369 377 1
370 371 1
370 377 1
370 378 1
371 372 1
371 378 1
371 379 1
372 373 1
372 379 1
372 380 1
373 374 1
373 380 1
373 381 1
374 381 1
375 376 1
375 382 1
376 377 1
376 382 1
376 383 1
377 378 1
377 383 1
377 384 1
378 379 1
378 384 1
378 385 1
379 380 1
379 385 1
379 386 1
380 381 1
380 386 1
380 387 1
381 387 1
382 383 1
382 388 1
383 384 1
383 388 1
383 389 1
384 385 1
384 389 1
384 390 1
385 386 1
385 390 1
385 391 1
386 387 1
386 391 1
386 392 1
387 392 1
388 389 1
388 393 1
389 390 1
389 393 1
389 394 1
390 391 1
390 394 1
390 395 1
391 392 1
391 395 1
391 396 1
392 396 1
393 394 1
393 397 1
394 395 1
394 397 1
394 398 1
395 396 1
395 398 1
395 399 1
396 399 1
397 398 1
397 400 1
398 399 1
398 400 1
398 401 1
399 401 1
400 401 1
400 402 1
401 402 1
403 404 1
403 435 1
403 481 1
403 513 1
404 405 1
404 435 1
404 444 1
404 512 1
404 513 1
405 406 1
405 444 1
405 452 1
405 511 1
405 512 1
406 407 1
406 452 1
406 459 1
406 510 1
406 511 1
407 408 1
407 459 1
407 465 1
407 509 1
407 510 1
408 409 1
408 465 1
408 470 1
408 508 1
408 509 1
409 410 1
409 470 1
409 474 1
409 507 1
409 508 1
410 411 1
410 474 1
410 477 1
410 506 1
410 507 1
411 412 1
411 477 1
411 479 1
411 505 1
411 506 1
412 413 1
412 479 1
412 480 1
412 504 1
412 505 1
413 414 1
413 415 1
413 480 1
413 503 1
413 504 1
414 415 1
414 503 1
414 581 1
414 659 1
415 416 1
415 480 1
416 417 1
416 478 1
416 480 1
417 418 1
417 475 1
417 478 1
418 419 1
418 471 1
418 475 1
419 420 1
419 466 1
419 471 1
420 421 1
420 460 1
420 466 1
421 422 1
421 453 1
421 460 1
422 423 1
422 445 1
422 453 1
423 424 1
423 436 1
423 445 1
424 425 1
424 426 1
424 436 1
425 426 1
426 427 1
426 436 1
427 428 1
427 436 1
427 437 1
428 429 1
428 437 1
428 438 1
429 430 1
429 438 1
429 439 1
430 431 1
430 439 1
430 440 1
431 432 1
431 440 1
431 441 1
432 433 1
432 441 1
432 442 1
433 434 1
433 442 1
433 443 1
434 435 1
434 443 1
434 444 1
435 444 1
436 437 1
436 445 1
437 438 1
437 445 1
437 446 1
438 439 1
438 446 1
438 447 1
439 440 1
439 447 1
439 448 1
440 441 1
440 448 1
440 449 1
441 442 1
441 449 1
441 450 1
442 443 1
442 450 1
442 451 1
443 444 1
443 451 1
443 452 1
444 452 1
445 446 1
445 453 1
446 447 1
446 453 1
446 454 1
447 448 1
447 454 1
447 455 1
448 449 1
448 455 1
448 456 1
449 450 1
449 456 1
449 457 1
450 451 1
450 457 1
450 458 1
451 452 1
451 458 1
451 459 1
452 459 1
453 454 1
453 460 1
454 455 1
454 460 1
454 461 1
455 456 1
455 461 1
455 462 1
456 457 1
456 462 1
456 463 1
457 458 1
457 463 1
457 464 1
458 459 1
458 464 1
458 465 1
459 465 1
460 461 1
460 466 1
461 462 1
461 466 1
461 467 1
462 463 1
462 467 1
462 468 1
463 464 1
463 468 1
463 469 1
464 465 1
464 469 1
464 470 1
465 470 1
466 467 1
466 471 1
467 468 1
467 471 1
467 472 1
468 469 1
468 472 1
468 473 1
469 470 1
469 473 1
469 474 1
470 474 1
471 472 1
471 475 1
472 473 1
472 475 1
472 476 1
473 474 1
473 476 1
473 477 1
474 477 1
475 476 1
475 478 1
476 477 1
476 478 1
476 479 1
477 479 1
478 479 1
478 480 1
479 480 1
481 482 1
481 513 1
482 483 1
482 513 1
482 522 1
483 484 1
483 522 1
483 530 1
484 485 1
484 530 1
484 537 1
485 486 1
485 537 1
485 543 1
486 487 1
486 543 1
486 548 1
487 488 1
487 548 1
487 552 1
488 489 1
488 552 1
488 555 1
489 490 1
489 555 1
489 557 1
490 491 1
490 557 1
490 558 1
491 492 1
491 493 1
491 558 1
492 493 1
492 559 1
493 494 1
493 558 1
493 559 1
493 591 1
494 495 1
494 556 1
494 558 1
494 590 1
494 591 1
495 496 1
495 553 1
495 556 1
495 589 1
495 590 1
496 497 1
496 549 1
496 553 1
496 588 1
496 589 1
497 498 1
497 544 1
497 549 1
497 587 1
497 588 1
498 499 1
498 538 1
498 544 1
498 586 1
498 587 1
499 500 1
499 531 1
499 538 1
499 585 1
499 586 1
500 501 1
500 523 1
500 531 1
500 584 1
500 585 1
501 502 1
501 514 1
501 523 1
501 583 1
501 584 1
502 503 1
502 504 1
502 514 1
502 582 1
502 583 1
503 504 1
503 581 1
503 582 1
504 505 1
504 514 1
505 506 1
505 514 1
505 515 1
506 507 1
506 515 1
506 516 1
507 508 1
507 516 1
507 517 1
508 509 1
508 517 1
508 518 1
509 510 1
509 518 1
509 519 1
510 511 1
510 519 1
510 520 1
511 512 1
511 520 1
511 521 1
512 513 1
512 521 1
512 522 1
513 522 1
514 515 1
514 523 1
515 516 1
515 523 1
515 524 1
516 517 1
516 524 1
516 525 1
517 518 1
517 525 1
517 526 1
518 519 1
518 526 1
518 527 1
519 520 1
519 527 1
519 528 1
520 521 1
520 528 1
520 529 1
521 522 1
521 529 1
521 530 1
522 530 1
523 524 1
523 531 1
524 525 1
524 531 1
524 532 1
525 526 1
525 532 1
525 533 1
526 527 1
526 533 1
526 534 1
527 528 1
527 534 1
527 535 1
528 529 1
528 535 1
528 536 1
529 530 1
529 536 1
529 537 1
530 537 1
531 532 1
531 538 1
532 533 1
532 538 1
532 539 1
533 534 1
533 539 1
533 540 1
534 535 1
534 540 1
534 541 1
535 536 1
535 541 1
535 542 1
536 537 1
536 542 1
536 543 1
537 543 1
538 539 1
538 544 1
539 540 1
539 544 1
539 545 1
540 541 1
540 545 1
540 546 1
541 542 1
541 546 1
541 547 1
542 543 1
542 547 1
542 548 1
543 548 1
544 545 1
544 549 1
545 546 1
545 549 1
545 550 1
546 547 1
546 550 1
546 551 1
547 548 1
547 551 1
547 552 1
548 552 1
549 550 1
549 553 1
550 551 1
550 553 1
550 554 1
551 552 1
551 554 1
551 555 1
552 555 1
553 554 1
553 556 1
554 555 1
554 556 1
554 557 1
555 557 1
556 557 1
556 558 1
557 558 1
559 560 1
559 591 1
560 561 1
560 591 1
560 600 1
561 562 1
561 600 1
561 608 1
562 563 1
562 608 1
562 615 1
563 564 1
563 615 1
563 621 1
564 565 1
564 621 1
564 626 1
565 566 1
565 626 1
565 630 1
566 567 1
566 630 1
566 633 1
567 568 1
567 633 1
567 635 1
568 569 1
568 635 1
568 636 1
569 570 1
569 571 1
569 636 1
570 571 1
570 637 1
570 715 1
571 572 1
571 636 1
571 637 1
571 669 1
572 573 1
572 634 1
572 636 1
572 668 1
572 669 1
573 574 1
573 631 1
573 634 1
573 667 1
573 668 1
574 575 1
574 627 1
574 631 1
574 666 1
574 667 1
575 576 1
575 622 1
575 627 1
575 665 1
575 666 1
576 577 1
576 616 1
576 622 1
576 664 1
576 665 1
577 578 1
577 609 1
577 616 1
577 663 1
577 664 1
578 579 1
578 601 1
578 609 1
578 662 1
578 663 1
579 580 1
579 592 1
579 601 1
579 661 1
579 662 1
580 581 1
580 582 1
580 592 1
580 660 1
580 661 1
581 582 1
581 659 1
581 660 1
582 583 1
582 592 1
583 584 1
583 592 1
583 593 1
584 585 1
584 593 1
584 594 1
585 586 1
585 594 1
585 595 1
586 587 1
586 595 1
586 596 1
587 588 1
587 596 1
587 597 1
588 589 1
588 597 1
588 598 1
589 590 1
589 598 1
589 599 1
590 591 1
590 599 1
590 600 1
591 600 1
592 593 1
592 601 1
593 594 1
593 601 1
593 602 1
594 595 1
594 602 1
594 603 1
595 596 1
595 603 1
595 604 1
596 597 1
596 604 1
596 605 1
597 598 1
597 605 1
597 606 1
598 599 1
598 606 1
598 607 1
599 600 1
599 607 1
599 608 1
600 608 1
601 602 1
601 609 1
602 603 1
602 609 1
602 610 1
603 604 1
603 610 1
603 611 1
604 605 1
604 611 1
604 612 1
605 606 1
605 612 1
605 613 1
606 607 1
606 613 1
606 614 1
607 608 1
607 614 1
607 615 1
608 615 1
609 610 1
609 616 1
610 611 1
610 616 1
610 617 1
611 612 1
611 617 1
611 618 1
612 613 1
612 618 1
612 619 1
613 614 1
613 619 1
613 620 1
614 615 1
614 620 1
614 621 1
615 621 1
616 617 1
616 622 1
617 618 1
617 622 1
617 623 1
618 619 1
618 623 1
618 624 1
619 620 1
619 624 1
619 625 1
620 621 1
620 625 1
620 626 1
621 626 1
622 623 1
622 627 1
623 624 1
623 627 1
623 628 1
624 625 1
624 628 1
624 629 1
625 626 1
625 629 1
625 630 1
626 630 1
627 628 1
627 631 1
628 629 1
628 631 1
628 632 1
629 630 1
629 632 1
629 633 1
630 633 1
631 632 1
631 634 1
632 633 1
632 634 1
632 635 1
633 635 1
634 635 1
634 636 1
635 636 1
637 638 1
637 669 1
637 715 1
637 747 1
638 639 1
638 669 1
638 678 1
638 746 1
638 747 1
639 640 1
639 678 1
639 686 1
639 745 1
639 746 1
640 641 1
640 686 1
640 693 1
640 744 1
640 745 1
641 642 1
641 693 1
641 699 1
641 743 1
641 744 1
642 643 1
642 699 1
642 704 1
642 742 1
642 743 1
643 644 1
643 704 1
643 708 1
643 741 1
643 742 1
644 645 1
644 708 1
644 711 1
644 740 1
644 741 1
645 646 1
645 711 1
645 713 1
645 739 1
645 740 1
646 647 1
646 713 1
646 714 1
646 738 1
646 739 1
647 648 1
647 649 1
647 714 1
647 737 1
647 738 1
648 649 1
648 737 1
648 803 1
648 804 1
649 650 1
649 714 1
650 651 1
650 712 1
650 714 1
651 652 1
651 709 1
651 712 1
652 653 1
652 705 1
652 709 1
653 654 1
653 700 1
653 705 1
654 655 1
654 694 1
654 700 1
655 656 1
655 687 1
655 694 1
656 657 1
656 679 1
656 687 1
657 658 1
657 670 1
657 679 1
658 659 1
658 660 1
658 670 1
659 660 1
660 661 1
660 670 1
661 662 1
661 670 1
661 671 1
662 663 1
662 671 1
662 672 1
663 664 1
663 672 1
663 673 1
664 665 1
664 673 1
664 674 1
665 666 1
665 674 1
665 675 1
666 667 1
666 675 1
666 676 1
667 668 1
667 676 1
667 677 1
668 669 1
668 677 1
668 678 1
669 678 1
670 671 1
670 679 1
671 672 1
671 679 1
671 680 1
672 673 1
672 680 1
672 681 1
673 674 1
673 681 1
673 682 1
674 675 1
674 682 1
674 683 1
675 676 1
675 683 1
675 684 1
676 677 1
676 684 1
676 685 1
677 678 1
677 685 1
677 686 1
678 686 1
679 680 1
679 687 1
680 681 1
680 687 1
680 688 1
681 682 1
681 688 1
681 689 1
682 683 1
682 689 1
682 690 1
683 684 1
683 690 1
683 691 1
684 685 1
684 691 1
684 692 1
685 686 1
685 692 1
685 693 1
686 693 1
687 688 1
687 694 1
688 689 1
688 694 1
688 695 1
689 690 1
689 695 1
689 696 1
690 691 1
690 696 1
690 697 1
691 692 1
691 697 1
691 698 1
692 693 1
692 698 1
692 699 1
693 699 1
694 695 1
694 700 1
695 696 1
695 700 1
695 701 1
696 697 1
696 701 1
696 702 1
697 698 1
697 702 1
697 703 1
698 699 1
698 703 1
698 704 1
699 704 1
700 701 1
700 705 1
701 702 1
701 705 1
701 706 1
702 703 1
702 706 1
702 707 1
703 704 1
703 707 1
703 708 1
704 708 1
705 706 1
705 709 1
706 707 1
706 709 1
706 710 1
707 708 1
707 710 1
707 711 1
708 711 1
709 710 1
709 712 1
710 711 1
710 712 1
710 713 1
711 713 1
712 713 1
712 714 1
713 714 1
715 716 1
715 747 1
716 717 1
716 747 1
716 756 1
717 718 1
717 756 1
717 764 1
718 719 1
718 764 1
718 771 1
719 720 1
719 771 1
719 777 1
720 721 1
720 777 1
720 782 1
721 722 1
721 782 1
721 786 1
722 723 1
722 786 1
722 789 1
723 724 1
723 789 1
723 791 1
724 725 1
724 791 1
724 792 1
725 726 1
725 727 1
725 792 1
726 727 1
726 870 1
727 728 1
727 792 1
727 870 1
727 890 1
728 729 1
728 790 1
728 792 1
728 889 1
728 890 1
729 730 1
729 787 1
729 790 1
729 888 1
729 889 1
730 731 1
730 783 1
730 787 1
730 887 1
730 888 1
731 732 1
731 778 1
731 783 1
731 886 1
731 887 1
732 733 1
732 772 1
732 778 1
732 885 1
732 886 1
733 734 1
733 765 1
733 772 1
733 884 1
733 885 1
734 735 1
734 757 1
734 765 1
734 883 1
734 884 1
735 736 1
735 748 1
735 757 1
735 882 1
735 883 1
736 737 1
736 738 1
736 748 1
736 881 1
736 882 1
737 738 1
737 804 1
737 881 1
738 739 1
738 748 1
739 740 1
739 748 1
739 749 1
740 741 1
740 749 1
740 750 1
741 742 1
741 750 1
741 751 1
742 743 1
742 751 1
742 752 1
743 744 1
743 752 1
743 753 1
744 745 1
744 753 1
744 754 1
745 746 1
745 754 1
745 755 1
746 747 1
746 755 1
746 756 1
747 756 1
748 749 1
748 757 1
749 750 1
749 757 1
749 758 1
750 751 1
750 758 1
750 759 1
751 752 1
751 759 1
751 760 1
752 753 1
752 760 1
752 761 1
753 754 1
753 761 1
753 762 1
754 755 1
754 762 1
754 763 1
755 756 1
755 763 1
755 764 1
756 764 1
757 758 1
757 765 1
758 759 1
758 765 1
758 766 1
759 760 1
759 766 1
759 767 1
760 761 1
760 767 1
760 768 1
761 762 1
761 768 1
761 769 1
762 763 1
762 769 1
762 770 1
763 764 1
763 770 1
763 771 1
764 771 1
765 766 1
765 772 1
766 767 1
766 772 1
766 773 1
767 768 1
767 773 1
767 774 1
768 769 1
768 774 1
768 775 1
769 770 1
769 775 1
769 776 1
770 771 1
770 776 1
770 777 1
771 777 1
772 773 1
772 778 1
773 774 1
773 778 1
773 779 1
774 775 1
774 779 1
774 780 1
775 776 1
775 780 1
775 781 1
776 777 1
776 781 1
776 782 1
777 782 1
778 779 1
778 783 1
779 780 1
779 783 1
779 784 1
780 781 1
780 784 1
780 785 1
781 782 1
781 785 1
781 786 1
782 786 1
783 784 1
783 787 1
784 785 1
784 787 1
784 788 1
785 786 1
785 788 1
785 789 1
786 789 1
787 788 1
787 790 1
788 789 1
788 790 1
788 791 1
789 791 1
790 791 1
790 792 1
791 792 1
793 794 1
793 824 1
794 795 1
794 824 1
794 833 1
795 796 1
795 833 1
795 841 1
796 797 1
796 841 1
796 848 1
797 798 1
797 848 1
797 854 1
798 799 1
798 854 1
798 859 1
799 800 1
799 859 1
799 863 1
800 801 1
800 863 1
800 866 1
801 802 1
801 866 1
801 868 1
802 803 1
802 868 1
802 869 1
803 804 1
803 869 1
804 805 1
804 869 1
804 881 1
805 806 1
805 867 1
805 869 1
805 881 1
805 891 1
806 807 1
806 864 1
806 867 1
806 891 1
806 900 1
807 808 1
807 860 1
807 864 1
807 900 1
807 908 1
808 809 1
808 855 1
808 860 1
808 908 1
808 915 1
809 810 1
809 849 1
809 855 1
809 915 1
809 921 1
810 811 1
810 842 1
810 849 1
810 921 1
810 926 1
811 812 1
811 834 1
811 842 1
811 926 1
811 930 1
812 813 1
812 825 1
812 834 1
812 930 1
812 933 1
813 814 1
813 815 1
813 825 1
813 933 1
813 935 1
814 815 1
814 880 1
814 935 1
815 816 1
815 825 1
816 817 1
816 825 1
816 826 1
817 818 1
817 826 1
817 827 1
818 819 1
818 827 1
818 828 1
819 820 1
819 828 1
819 829 1
820 821 1
820 829 1
820 830 1
821 822 1
821 830 1
821 831 1
822 823 1
822 831 1
822 832 1
823 824 1
823 832 1
823 833 1
824 833 1
825 826 1
825 834 1
826 827 1
826 834 1
826 835 1
827 828 1
827 835 1
827 836 1
828 829 1
828 836 1
828 837 1
829 830 1
829 837 1
829 838 1
830 831 1
830 838 1
830 839 1
831 832 1
831 839 1
831 840 1
832 833 1
832 840 1
832 841 1
833 841 1
834 835 1
834 842 1
835 836 1
835 842 1
835 843 1
836 837 1
836 843 1
836 844 1
837 838 1
837 844 1
837 845 1
838 839 1
838 845 1
838 846 1
839 840 1
839 846 1
839 847 1
840 841 1
840 847 1
840 848 1
841 848 1
842 843 1
842 849 1
843 844 1
843 849 1
843 850 1
844 845 1
844 850 1
844 851 1
845 846 1
845 851 1
845 852 1
846 847 1
846 852 1
846 853 1
847 848 1
847 853 1
847 854 1
848 854 1
849 850 1
849 855 1
850 851 1
850 855 1
850 856 1
851 852 1
851 856 1
851 857 1
852 853 1
852 857 1
852 858 1
853 854 1
853 858 1
853 859 1
854 859 1
855 856 1
855 860 1
856 857 1
856 860 1
856 861 1
857 858 1
857 861 1
857 862 1
858 859 1
858 862 1
858 863 1
859 863 1
860 861 1
860 864 1
861 862 1
861 864 1
861 865 1
862 863 1
862 865 1
862 866 1
863 866 1
864 865 1
864 867 1
865 866 1
865 867 1
865 868 1
866 868 1
867 868 1
867 869 1
868 869 1
870 871 1
870 890 1
871 872 1
871 890 1
871 899 1
872 873 1
872 899 1
872 907 1
873 874 1
873 907 1
873 914 1
874 875 1
874 914 1
874 920 1
875 876 1
875 920 1
875 925 1
876 877 1
876 925 1
876 929 1
877 878 1
877 929 1
877 932 1
878 879 1
878 932 1
878 934 1
879 880 1
879 934 1
879 935 1
880 935 1
881 882 1
881 891 1
882 883 1
882 891 1
882 892 1
883 884 1
883 892 1
883 893 1
884 885 1
884 893 1
884 894 1
885 886 1
885 894 1
885 895 1
886 887 1
886 895 1
886 896 1
887 888 1
887 896 1
887 897 1
888 889 1
888 897 1
888 898 1
889 890 1
889 898 1
889 899 1
890 899 1
891 892 1
891 900 1
892 893 1
892 900 1
892 901 1
893 894 1
893 901 1
893 902 1
894 895 1
894 902 1
894 903 1
895 896 1
895 903 1
895 904 1
896 897 1
896 904 1
896 905 1
897 898 1
897 905 1
897 906 1
898 899 1
898 906 1
898 907 1
899 907 1
900 901 1
900 908 1
901 902 1
901 908 1
901 909 1
902 903 1
902 909 1
902 910 1
903 904 1
903 910 1
903 911 1
904 905 1
904 911 1
904 912 1
905 906 1
905 912 1
905 913 1
906 907 1
906 913 1
906 914 1
907 914 1
908 909 1
908 915 1
909 910 1
909 915 1
909 916 1
910 911 1
910 916 1
910 917 1
911 912 1
911 917 1
911 918 1
912 913 1
912 918 1
912 919 1
913 914 1
913 919 1
913 920 1
914 920 1
915 916 1
915 921 1
916 917 1
916 921 1
916 922 1
917 918 1
917 922 1
917 923 1
918 919 1
918 923 1
918 924 1
919 920 1
919 924 1
919 925 1
920 925 1
921 922 1
921 926 1
922 923 1
922 926 1
922 927 1
923 924 1
923 927 1
923 928 1
924 925 1
924 928 1
924 929 1
925 929 1
926 927 1
926 930 1
927 928 1
927 930 1
927 931 1
928 929 1
928 931 1
928 932 1
929 932 1
930 931 1
930 933 1
931 932 1
931 933 1
931 934 1
932 934 1
933 934 1
933 935 1
934 935 1
4
1.20602 0.850859
1.0837 0.85852
0.924172 0.873245
0.740915 0.891157
0.549656 0.908134
0.360778 0.894696
0.179643 0.834184
0.0238007 0.724914
-0.0883824 0.575858
-0.163924 0.397113
-0.20242 0.210337
-0.209597 0.0262096
-0.192492 -0.142853
-0.229834 -0.053281
-0.277152 0.0286124
-0.333951 0.100719
-0.400074 0.15416
-0.464098 0.175177
-0.503347 0.160383
-0.503388 0.118618
-0.472494 0.0799225
-0.417489 0.0571568
-0.353613 0.0837648
-0.284401 0.163792
-0.202283 0.301583
-0.113831 0.280248
0.00307601 0.262255
0.136933 0.265691
0.280584 0.287786
0.424656 0.339889
0.570154 0.412799
0.708789 0.493683
0.837842 0.573256
0.956205 0.653118
1.05704 0.726264
1.14286 0.793957
0.994838 0.810797
0.821702 0.831457
0.631241 0.852201
0.440259 0.856146
0.25421 0.827611
0.079787 0.757878
-0.0613033 0.63871
-0.153223 0.475665
-0.207495 0.298128
-0.232475 0.118111
0.892267 0.746558
0.705921 0.765486
0.512717 0.780007
0.318167 0.775322
0.132094 0.736384
-0.0381904 0.664408
-0.162222 0.537036
-0.23243 0.374817
-0.268934 0.201327
0.773139 0.668149
0.576506 0.681572
0.379059 0.691144
0.18457 0.675856
-0.00378261 0.634147
-0.163571 0.560271
-0.263692 0.426958
-0.316129 0.268119
0.643985 0.584849
0.437843 0.590756
0.233785 0.584451
0.0364486 0.561386
-0.141548 0.51647
-0.287515 0.438542
-0.366417 0.308639
0.504583 0.492331
0.291653 0.488165
0.0845722 0.474076
-0.108641 0.445201
-0.276176 0.393683
-0.40164 0.307716
0.357755 0.400151
0.144777 0.389783
-0.0611214 0.366766
-0.244698 0.32915
-0.396763 0.262638
0.212388 0.317058
0.00343811 0.302576
-0.193597 0.26313
-0.366223 0.208416
0.0721863 0.251831
-0.12862 0.215978
-0.314365 0.161372
-0.0599331 0.205878
-0.247549 0.141053
-0.179373 0.184862
-0.0523868 0.430113
0.0888496 0.521075
0.20178 0.61266
0.284828 0.683487
0.325326 0.759534
0.330011 0.825384
0.307528 0.864684
0.27259 0.909005
0.226861 0.956181
0.170162 1.00425
0.099061 1.06797
0.00825499 1.11705
0.229785 1.09159
0.449958 1.05241
0.663581 0.995277
0.863143 0.906299
1.03514 0.808698
1.17707 0.718862
1.29131 0.646838
1.36347 0.601674
1.35537 0.644633
1.31069 0.713317
1.25438 0.783053
1.20028 0.713315
1.11442 0.638066
1.01207 0.567037
0.897257 0.497904
0.768379 0.431761
0.629408 0.373545
0.482195 0.333136
0.330539 0.3231
0.183185 0.341544
0.0529324 0.375324
1.25291 0.641425
1.16955 0.577049
1.0619 0.510251
0.942546 0.454788
0.807851 0.418224
0.659144 0.396613
0.501676 0.400774
0.348709 0.42431
0.205859 0.472071
1.29459 0.591562
1.19516 0.53295
1.07714 0.49558
0.942289 0.484131
0.794515 0.477525
0.639957 0.48884
0.482821 0.518624
0.334522 0.554732
1.27155 0.580568
1.15747 0.566883
1.03027 0.559898
0.8882 0.567372
0.73519 0.579152
0.579262 0.603282
0.42523 0.638909
1.19234 0.643583
1.07129 0.643058
0.935238 0.648307
0.788179 0.664148
0.629064 0.690955
0.473407 0.721319
1.07399 0.728625
0.945155 0.734821
0.80105 0.744252
0.643889 0.761643
0.484519 0.793936
0.920452 0.823076
0.781817 0.828643
0.627355 0.834011
0.468367 0.845873
0.738026 0.920868
0.59306 0.919404
0.435401 0.913147
0.534077 0.993517
0.3861 0.976989
0.318559 1.03807
-0.185339 -0.209994
-0.17951 -0.254135
-0.165579 -0.248654
-0.157275 -0.224821
-0.15639 -0.199496
-0.150267 -0.212479
-0.14087 -0.258201
-0.122569 -0.323563
-0.0982996 -0.403743
-0.0643405 -0.491752
-0.0135361 -0.57711
0.0600329 -0.676087
-0.0714161 -0.685597
-0.194274 -0.731141
-0.315522 -0.776695
-0.453734 -0.804185
-0.58802 -0.785877
-0.693648 -0.704215
-0.737693 -0.567897
-0.719379 -0.402855
-0.645531 -0.231461
-0.526118 -0.0571022
-0.376831 0.117891
-0.249232 -0.134162
-0.274117 -0.186905
-0.283592 -0.224533
-0.282081 -0.253874
-0.273849 -0.289513
-0.259512 -0.339596
-0.238416 -0.406491
-0.209137 -0.47824
-0.174998 -0.557066
-0.128609 -0.627066
-0.322106 -0.0606229
-0.366482 -0.137813
-0.389852 -0.21802
-0.393773 -0.301595
-0.383095 -0.38043
-0.35755 -0.460412
-0.329308 -0.541102
-0.292743 -0.617932
-0.250143 -0.685101
-0.398957 -0.00253353
-0.452818 -0.114123
-0.485039 -0.231236
-0.490655 -0.351665
-0.475478 -0.465678
-0.44449 -0.566439
-0.415681 -0.657952
-0.37668 -0.730951
-0.47875 0.0291434
-0.531509 -0.113756
-0.562921 -0.26056
-0.570329 -0.408105
-0.557936 -0.540678
-0.535677 -0.65295
-0.506016 -0.744463
-0.540703 0.0280494
-0.597524 -0.133547
-0.624872 -0.298072
-0.63522 -0.456734
-0.63537 -0.593715
-0.621691 -0.7054
-0.580501 0.00340607
-0.638502 -0.166331
-0.668096 -0.332233
-0.689787 -0.482795
-0.699242 -0.607671
-0.586253 -0.0346441
-0.651285 -0.194022
-0.692202 -0.33671
-0.720472 -0.464909
-0.5581 -0.0587766
-0.623732 -0.187481
-0.676627 -0.299381
-0.504579 -0.0413949
-0.57879 -0.137699
-0.444843 0.020716
-0.121456 -0.282794
0.0152147 -0.324017
0.168042 -0.261906
0.308072 -0.136233
0.432672 0.0198295
0.535074 0.204288
0.615681 0.400363
0.670376 0.590874
0.714609 0.764966
0.759847 0.906463
0.805119 0.983371
0.8638 0.967605
0.808529 0.894382
0.736212 0.7986
0.646707 0.694039
0.552903 0.580699
0.454343 0.46307
0.355063 0.33619
0.273171 0.185389
0.2167 0.00895032
0.174922 -0.184138
0.13348 -0.371995
0.0929361 -0.533591
-0.0770744 -0.304798
0.0673585 -0.280947
0.212306 -0.179828
0.343349 -0.0417028
0.458158 0.120075
0.547371 0.306206
0.613803 0.493116
0.661682 0.669917
0.695657 0.819058
0.737636 0.903148
-0.0450407 -0.269453
0.0967268 -0.199301
0.234435 -0.0797052
0.35493 0.0641043
0.457442 0.229252
0.531663 0.404444
0.581949 0.573488
0.619098 0.719347
0.66015 0.803737
-0.0297491 -0.21018
0.106319 -0.116477
0.237843 0.00850074
0.346189 0.155961
0.433195 0.318432
0.49064 0.477149
0.532244 0.614906
0.575066 0.695508
-0.022633 -0.154185
0.103435 -0.0420085
0.220211 0.0880655
0.315406 0.231312
0.385545 0.376886
0.432785 0.503228
0.478975 0.581771
-0.0287629 -0.112905
0.0843244 0.00160296
0.187624 0.127786
0.267075 0.258493
0.32706 0.377549
0.37578 0.460829
-0.0418432 -0.110405
0.0622135 0.00209848
0.154499 0.121094
0.226926 0.230348
0.285115 0.312446
-0.0365888 -0.154856
0.0609435 -0.0474702
0.146189 0.0545793
0.210867 0.141752
-0.0172863 -0.226017
0.0712915 -0.132925
0.151918 -0.046356
0.00327907 -0.321313
0.0965264 -0.242222
0.0395991 -0.425948
0.848575 0.839877
0.832816 0.670207
0.832583 0.479345
0.855858 0.283804
0.89468 0.0948737
0.942061 -0.0824195
0.994116 -0.240145
1.07346 -0.358119
1.17168 -0.413052
1.21305 -0.337815
1.17184 -0.214952
1.08446 -0.0790987
1.10886 -0.172356
1.08957 -0.281848
1.03835 -0.398985
0.955341 -0.509535
0.829128 -0.579739
0.684563 -0.616352
0.534617 -0.63568
0.420859 -0.653127
0.317572 -0.662461
0.234581 -0.672449
0.155415 -0.674974
0.791128 0.74744
0.781884 0.567868
0.792712 0.373349
0.822698 0.180548
0.861261 -0.00480243
0.906391 -0.176439
0.978608 -0.315884
1.07931 -0.399958
1.15612 -0.397182
1.162 -0.299308
0.718034 0.643187
0.715872 0.459721
0.736569 0.267541
0.763712 0.0766117
0.801348 -0.103397
0.866573 -0.259983
0.954959 -0.377947
1.04361 -0.438267
1.10926 -0.391057
0.632709 0.533899
0.641203 0.348681
0.657308 0.160193
0.688323 -0.0260421
0.746333 -0.197125
0.829227 -0.338749
0.911742 -0.442891
1.01312 -0.469988
0.542638 0.421359
0.545442 0.238214
0.577307 0.0499719
0.624916 -0.131956
0.69567 -0.295157
0.787596 -0.424354
0.885519 -0.507555
0.444092 0.300701
0.45589 0.11812
0.49671 -0.0693273
0.568463 -0.246986
0.650509 -0.400418
0.740577 -0.516524
0.356747 0.171432
0.383324 -0.0144741
0.435965 -0.200406
0.507961 -0.371479
0.593232 -0.513854
0.292811 0.0191609
0.32859 -0.163596
0.387177 -0.345264
0.460106 -0.50882
0.248465 -0.153062
0.291108 -0.331815
0.346907 -0.501819
0.209354 -0.336138
0.257751 -0.501972
0.180734 -0.518547
0.999218 -0.0396126
0.898174 -0.0322285
0.786039 -0.0537342
0.687031 -0.121014
0.585577 -0.21968
0.481107 -0.346972
0.363705 -0.477869
0.238481 -0.615898
0.107732 -0.749337
-0.0251582 -0.868973
-0.162513 -0.966904
-0.319818 -1.01764
-0.155146 -1.05816
-0.00850888 -1.09838
0.129086 -1.14287
0.255873 -1.19092
0.363883 -1.2326
0.445393 -1.27076
0.426172 -1.25405
0.361712 -1.18517
0.290011 -1.07897
0.216292 -0.945047
0.148795 -0.799611
0.219783 -0.824068
0.296997 -0.820335
0.393868 -0.803762
0.504776 -0.773257
0.635983 -0.730387
0.764415 -0.661992
0.882318 -0.562599
0.958098 -0.429907
1.0035 -0.290341
1.01772 -0.157513
0.284044 -0.96335
0.368765 -0.948246
0.471048 -0.912101
0.590993 -0.853835
0.713014 -0.767019
0.810948 -0.63981
0.872798 -0.48594
0.905315 -0.324356
0.916211 -0.170214
0.353596 -1.0772
0.441038 -1.04231
0.545404 -0.975751
0.644825 -0.870513
0.729304 -0.729371
0.783432 -0.565985
0.810989 -0.393537
0.814162 -0.221389
0.42715 -1.16084
0.502795 -1.08673
0.579265 -0.973302
0.634513 -0.825612
0.683659 -0.663093
0.708022 -0.48463
0.710997 -0.301594
0.471019 -1.18626
0.509132 -1.07256
0.538194 -0.929033
0.570607 -0.764815
0.594842 -0.588986
0.601974 -0.407103
0.43543 -1.16481
0.438953 -1.03151
0.451705 -0.877398
0.472313 -0.708588
0.486037 -0.53127
0.342929 -1.12807
0.336904 -0.988367
0.345596 -0.830033
0.357489 -0.654921
0.227263 -1.08498
0.220577 -0.945605
0.226021 -0.782726
0.0983346 -1.03799
0.0945345 -0.903458
-0.0322225 -1.00301
0.950548 0.0547996
0.787632 0.179593
0.600764 0.296725
0.409173 0.403236
0.228071 0.48099
0.0612995 0.527671
-0.0699085 0.548464
-0.141504 0.541165
-0.0929669 0.527061
-0.00495785 0.522993
0.0943565 0.525024
0.175474 0.518117
0.181504 0.42889
0.199621 0.303604
0.221913 0.165116
0.231683 0.0136435
0.221936 -0.151644
0.188019 -0.318201
0.126693 -0.473751
0.0377379 -0.616557
-0.0696565 -0.741507
-0.178799 -0.836473
-0.259379 -0.939763
-0.121863 -0.846956
0.00420082 -0.725195
0.126096 -0.587709
0.24226 -0.441469
0.352491 -0.297015
0.453656 -0.160925
0.548441 -0.048748
0.636847 0.0457992
0.745799 0.0851969
0.850065 0.0888084
-0.0717242 -0.710954
0.0357209 -0.57445
0.13555 -0.419329
0.232228 -0.268339
0.318365 -0.117862
0.398801 0.0134057
0.480125 0.12106
0.578225 0.18459
0.678506 0.206708
-0.000266127 -0.595195
0.069709 -0.432848
0.135427 -0.261332
0.196192 -0.0961155
0.255287 0.0527646
0.318454 0.176585
0.399832 0.264979
0.496381 0.307748
0.0634203 -0.457851
0.0809789 -0.274358
0.106236 -0.0938326
0.133255 0.0692237
0.168841 0.212606
0.225326 0.326397
0.303953 0.393889
0.109298 -0.303352
0.0743423 -0.114498
0.0561486 0.0622069
0.0587531 0.218898
0.0837379 0.352467
0.140729 0.44456
0.133801 -0.140432
0.0623194 0.0372556
0.00286577 0.202755
-0.0169374 0.351958
0.0014056 0.466932
0.134604 0.0204594
0.040758 0.181589
-0.0466223 0.329778
-0.0944163 0.461408
0.12164 0.172703
0.0158205 0.317958
-0.0736364 0.442617
0.0991565 0.311532
-0.00409594 0.43531
0.082949 0.432672
0.265593 0.408442
0.380553 0.269167
0.51474 0.101217
0.636036 -0.0867261
0.731267 -0.278141
0.794411 -0.4714
0.828741 -0.651121
0.818527 -0.798182
0.760114 -0.880465
0.678047 -0.832183
0.605939 -0.717648
0.548812 -0.585229
0.498539 -0.649505
0.41063 -0.711721
0.301728 -0.765015
0.180708 -0.820625
0.0581474 -0.863451
-0.065809 -0.900824
-0.182613 -0.91444
-0.28556 -0.921942
-0.369837 -0.933295
-0.423299 -0.957678
-0.41375 -0.97763
-0.298691 -0.915031
-0.15299 -0.854728
-0.00957064 -0.755082
0.118138 -0.629824
0.22077 -0.487348
0.293447 -0.32501
0.334134 -0.157855
0.342185 0.000767363
0.330057 0.15204
0.299899 0.295629
-0.25438 -0.920105
-0.0825255 -0.85791
0.0778668 -0.767619
0.216506 -0.643205
0.33046 -0.492543
0.40453 -0.330551
0.444684 -0.168223
0.452032 -0.00856488
0.430569 0.139099
-0.177192 -0.922414
0.0112476 -0.868083
0.185318 -0.772774
0.33031 -0.65027
0.438802 -0.498136
0.517124 -0.336473
0.55285 -0.182808
0.552771 -0.0311649
-0.0809292 -0.921883
0.117984 -0.874618
0.297185 -0.783112
0.445386 -0.656092
0.555692 -0.50818
0.623972 -0.359302
0.651134 -0.214253
0.0306359 -0.914973
0.234053 -0.871749
0.414917 -0.784987
0.560178 -0.66817
0.662579 -0.536844
0.719676 -0.39928
0.14739 -0.909153
0.351043 -0.873872
0.528803 -0.797513
0.666719 -0.694431
0.756563 -0.5803
0.266064 -0.885311
0.463921 -0.869457
0.633314 -0.815628
0.75993 -0.736402
0.378522 -0.855981
0.560584 -0.868901
0.717217 -0.846259
0.479117 -0.820792
0.637176 -0.860685
0.560942 -0.77842
0.448284 -0.505847
0.301007 -0.424507
0.122688 -0.343148
-0.0717992 -0.259058
-0.275566 -0.176807
-0.480881 -0.102691
-0.672923 -0.0225295
-0.852176 0.050854
-1.01387 0.128997
-1.14539 0.223585
-1.22819 0.348641
-1.22155 0.507228
-1.26978 0.301112
-1.27429 0.114464
-1.25311 -0.0620842
-1.21643 -0.233384
-1.17032 -0.402631
-1.10921 -0.561202
-1.03332 -0.705071
-0.939745 -0.831036
-0.822597 -0.929339
-0.679989 -0.987623
-0.513059 -1.01387
-0.567815 -0.975402
-0.549968 -0.938965
-0.484368 -0.906458
-0.390391 -0.885783
-0.277173 -0.858689
-0.152462 -0.818506
-0.0233535 -0.769553
0.109111 -0.70562
0.238423 -0.638851
0.354091 -0.571279
-0.70535 -0.936298
-0.667097 -0.884664
-0.588083 -0.845428
-0.48305 -0.807254
-0.361024 -0.761807
-0.229364 -0.70515
-0.0919826 -0.637154
0.0470523 -0.565211
0.179961 -0.492671
-0.823306 -0.859301
-0.768037 -0.799596
-0.676758 -0.747939
-0.562121 -0.694103
-0.432841 -0.632521
-0.295638 -0.564398
-0.153871 -0.489642
-0.0147876 -0.416693
-0.920756 -0.752958
-0.852043 -0.684719
-0.75253 -0.622235
-0.631118 -0.556256
-0.499299 -0.488355
-0.355551 -0.409289
-0.215109 -0.336042
-1.00047 -0.622044
-0.923361 -0.54923
-0.818053 -0.475524
-0.69174 -0.403008
-0.554419 -0.326271
-0.415024 -0.250006
-1.06682 -0.472778
-0.983595 -0.39664
-0.872469 -0.316867
-0.748863 -0.244012
-0.613795 -0.169163
-1.12104 -0.313468
-1.0364 -0.236762
-0.92534 -0.162481
-0.799272 -0.0886887
-1.16627 -0.149578
-1.08149 -0.0776802
-0.970595 -0.0101784
-1.20213 0.0155212
-1.11906 0.0765842
-1.2222 0.182788
0.500862 -0.440469
0.446952 -0.299647
0.356543 -0.196237
0.224013 -0.158594
0.0630315 -0.169948
-0.115191 -0.219204
-0.310795 -0.290869
-0.490132 -0.362672
-0.651838 -0.424805
-0.80802 -0.471579
-0.941764 -0.489441
-1.03423 -0.476321
-0.993968 -0.413856
-0.969806 -0.32248
-0.962551 -0.217177
-0.979156 -0.102442
-1.00411 0.0101317
-1.04246 0.118873
-1.08732 0.223298
-1.13226 0.319665
-1.16986 0.401887
-1.21009 0.455992
-1.22452 0.490691
-1.17512 0.354445
-1.05955 0.249383
-0.909385 0.169021
-0.740773 0.096882
-0.548358 0.0327834
-0.346633 -0.0425545
-0.142424 -0.118025
0.0566922 -0.199971
0.242339 -0.282434
0.397485 -0.362089
-1.11767 0.341863
-0.980701 0.254405
-0.816244 0.184112
-0.632591 0.122241
-0.433922 0.0583394
-0.231159 -0.0132029
-0.0304708 -0.0827812
0.164009 -0.156574
0.329706 -0.231966
-1.04773 0.303517
-0.899275 0.224568
-0.731974 0.157343
-0.545177 0.0961762
-0.346548 0.0315094
-0.151782 -0.0309335
0.0463821 -0.083399
0.225281 -0.138951
-0.996774 0.226209
-0.835838 0.150312
-0.663575 0.0853349
-0.473704 0.0247907
-0.287455 -0.0338903
-0.103045 -0.0822263
0.0785833 -0.122921
-0.941512 0.129757
-0.782233 0.0531848
-0.612239 -0.0116126
-0.434739 -0.0722091
-0.257842 -0.118532
-0.0845138 -0.151638
-0.900708 0.0230878
-0.735969 -0.0574208
-0.583476 -0.122681
-0.422879 -0.177097
-0.26236 -0.211442
-0.871829 -0.0910759
-0.725849 -0.174112
-0.579278 -0.237631
-0.430368 -0.279561
-0.858761 -0.209312
-0.73397 -0.289532
-0.600667 -0.343269
-0.86516 -0.324113
-0.754693 -0.394899
-0.888895 -0.422279
-0.0909677 0.502965
-0.0318158 0.686815
-0.0279722 0.85236
-0.0875005 1.00404
-0.20553 1.09616
-0.351527 1.1003
-0.515902 1.06914
-0.687341 1.01272
-0.866462 0.950299
-1.03193 0.857642
-1.15061 0.706996
-1.18881 0.643038
-1.15567 0.734031
-1.09431 0.777353
-1.01305 0.799811
-0.914636 0.80876
-0.797285 0.808539
-0.672545 0.831766
-0.539361 0.883539
-0.400921 0.951873
-0.25794 1.0205
-0.119634 1.08662
-0.0460364 1.01781
0.011849 0.961937
0.0639364 0.933178
0.110882 0.911821
0.151739 0.890183
0.181969 0.85601
0.187892 0.817825
0.158636 0.761865
0.0934414 0.683843
0.00315761 0.599367
-0.200237 0.959207
-0.147834 0.916506
-0.0963014 0.913393
-0.0457525 0.914957
0.00500183 0.920694
0.0439111 0.909238
0.0650381 0.893649
0.05626 0.835934
0.0149451 0.767096
-0.349728 0.90147
-0.298323 0.886737
-0.244584 0.910997
-0.186635 0.939286
-0.128816 0.96066
-0.0776051 0.973865
-0.0408115 0.972964
-0.0260783 0.921158
-0.490816 0.859452
-0.437059 0.87926
-0.378202 0.927116
-0.311977 0.968199
-0.243381 1.0008
-0.181676 1.03356
-0.129456 1.04133
-0.621717 0.844537
-0.563264 0.887429
-0.496361 0.95243
-0.421213 1.00595
-0.344725 1.04657
-0.271436 1.08073
-0.742863 0.852067
-0.677438 0.917414
-0.597984 0.97146
-0.514266 1.01957
-0.430366 1.06318
-0.852593 0.868052
-0.775926 0.924704
-0.685958 0.971486
-0.598837 1.01973
-0.94588 0.864168
-0.863166 0.917358
-0.774485 0.966134
-1.02589 0.84115
-0.950245 0.900918
-1.09357 0.791817
-1.00757 -0.370383
-0.982566 -0.217824
-0.962987 -0.0350824
-0.948766 0.165736
-0.939549 0.370448
-0.920525 0.567926
-0.855177 0.750352
-0.756148 0.917417
-0.608817 1.04124
-0.419611 1.1044
-0.21013 1.12422
-1.22519 0.597001
-1.23837 0.529614
-1.22434 0.438256
-1.19133 0.338344
-1.15219 0.236296
-1.11066 0.134447
-1.07058 0.0284149
-1.03262 -0.0792179
-1.01719 -0.182313
-1.003 -0.283175
-1.20376 0.666036
-1.22795 0.580016
-1.2278 0.484073
-1.1953 0.386256
-1.15548 0.289102
-1.10856 0.189751
-1.05784 0.0878528
-1.01116 -0.0171128
-0.98349 -0.121566
-1.14398 0.702922
-1.17177 0.622258
-1.17005 0.53748
-1.14463 0.45174
-1.10329 0.363129
-1.06636 0.272227
-1.00756 0.170335
-0.969762 0.0670299
-1.0623 0.73278
-1.09023 0.66752
-1.09399 0.602573
-1.06985 0.52847
-1.03662 0.449912
-1.00202 0.363728
-0.960692 0.267655
-0.959841 0.757232
-0.989836 0.719353
-0.99929 0.678047
-0.984339 0.618011
-0.964552 0.54709
-0.949132 0.464598
-0.841818 0.790809
-0.878629 0.792327
-0.897498 0.767396
-0.897928 0.717354
-0.901504 0.650127
-0.716984 0.851813
-0.761222 0.87671
-0.796055 0.866566
-0.82244 0.822071
-0.588807 0.928718
-0.643485 0.966242
-0.70166 0.963058
-0.458564 1.00841
-0.530685 1.04803
-0.331515 1.0827
0.360787 3.431
0.441542 3.3769
0.514378 3.21325
0.567579 3.03509
0.647774 2.86467
0.741385 2.7044
0.826778 2.50975
0.942516 2.28883
1.05949 2.04038
1.11822 1.75906
1.15191 1.49324
1.18806 1.27293
1.26314 1.0846
1.2122 1.17813
1.15124 1.28711
1.064 1.40205
0.958246 1.51205
0.834886 1.61207
0.697896 1.70682
0.568144 1.80671
0.449961 1.91304
0.328926 2.02417
0.182408 2.13694
0.0379836 2.2515
-0.123011 2.38748
-0.12602 2.46837
-0.101765 2.56452
-0.0631391 2.66484
-0.0369154 2.76708
-0.00719086 2.87181
0.0437453 2.97104
0.102167 3.07507
0.153152 3.1711
0.203993 3.24588
0.271069 3.30482
0.340432 3.37108
0.403524 3.26026
0.473842 3.10346
0.558874 2.93742
0.650658 2.76803
0.747419 2.58617
0.84975 2.37405
0.956304 2.15
1.04631 1.89269
1.11094 1.63443
1.15791 1.39152
0.3468 3.17358
0.438142 3.01241
0.538585 2.83658
0.639247 2.64438
0.73929 2.44773
0.841987 2.23385
0.935764 2.00487
1.02275 1.76104
1.0945 1.52085
0.302903 3.09362
0.405218 2.90971
0.511604 2.7153
0.614547 2.51362
0.710752 2.31207
0.811085 2.09859
0.899923 1.87365
0.989849 1.63748
0.260808 2.99494
0.374022 2.79605
0.480064 2.59622
0.579369 2.39544
0.675833 2.19041
0.772883 1.97099
0.865238 1.74406
0.218625 2.88077
0.340924 2.6849
0.447632 2.4893
0.549558 2.28483
0.639396 2.06474
0.734333 1.84167
0.177216 2.77518
0.305747 2.58548
0.422159 2.3845
0.513878 2.16905
0.602581 1.93541
0.143484 2.67317
0.275493 2.48289
0.389871 2.27113
0.478584 2.04069
0.112421 2.57222
0.242166 2.37078
0.355551 2.14921
0.0751704 2.46602
0.206071 2.25616
0.0419305 2.36009
-0.293069 2.5598
-0.449534 2.68665
-0.582038 2.78806
-0.706757 2.87542
-0.836695 2.94619
-0.969177 3.01002
-1.10196 3.06346
-1.23767 3.07776
-1.36523 3.0559
-1.4809 3.02796
-1.58091 2.99815
-1.67194 2.94657
-1.52231 3.1133
-1.37006 3.2573
-1.20788 3.3696
-1.03357 3.47518
-0.82554 3.55584
-0.591247 3.59564
-0.36882 3.57193
-0.185621 3.52502
-0.0374466 3.4686
0.12158 3.45276
0.276239 3.44978
0.194601 3.41247
0.123064 3.36059
0.0559893 3.30031
-0.00909716 3.2337
-0.0759114 3.15808
-0.144386 3.0648
-0.189356 2.95781
-0.211442 2.85053
-0.241301 2.74554
-0.27822 2.64441
0.048283 3.4381
-0.0258675 3.40211
-0.100936 3.34887
-0.183813 3.29485
-0.271131 3.23123
-0.336348 3.13246
-0.365558 3.01528
-0.385443 2.89918
-0.420513 2.78653
-0.100573 3.48052
-0.179743 3.45521
-0.273898 3.4095
-0.372504 3.34698
-0.460471 3.2606
-0.510046 3.1467
-0.530438 3.02291
-0.55228 2.9005
-0.268584 3.53513
-0.365868 3.51372
-0.469367 3.44893
-0.562481 3.3535
-0.630759 3.24396
-0.665215 3.12246
-0.684069 2.99604
-0.472704 3.57602
-0.576759 3.5299
-0.666021 3.4297
-0.737603 3.31736
-0.786946 3.20433
-0.815371 3.07878
-0.699882 3.56478
-0.788267 3.48105
-0.850305 3.3685
-0.90184 3.26257
-0.94235 3.14737
-0.916887 3.49867
-0.977852 3.39547
-1.02589 3.28734
-1.07012 3.18565
-1.09989 3.3921
-1.15265 3.28584
-1.20128 3.1861
-1.27049 3.27784
-1.32375 3.16584
-1.43113 3.14906
1.28171 0.984393
1.2674 0.874945
1.24311 0.756756
1.21889 0.625164
1.19603 0.48064
1.17719 0.325592
1.16663 0.154252
1.15722 -0.0161468
1.16401 -0.207329
1.17116 -0.401864
1.18926 -0.622128
1.20528 -0.865428
1.13058 -0.536545
1.03934 -0.226091
0.948225 0.0631954
0.858959 0.348762
0.770193 0.614809
0.678492 0.872675
0.571606 1.11814
0.459847 1.35713
0.358519 1.61155
0.245352 1.87529
0.0873847 2.1369
1.20574 1.07185
1.1755 0.958551
1.14831 0.832521
1.12663 0.696689
1.10325 0.547052
1.07872 0.392369
1.07231 0.218363
1.07815 0.0457331
1.09216 -0.138578
1.10757 -0.335915
1.12192 1.17172
1.09023 1.04981
1.0665 0.91658
1.0394 0.781195
1.0054 0.62899
0.981073 0.468718
0.987703 0.30257
1.00828 0.12706
1.02045 -0.0531518
1.03397 1.2769
1.00942 1.14937
0.981093 1.01601
0.938105 0.875786
0.896908 0.718787
0.88794 0.552442
0.908395 0.391863
0.92652 0.228521
0.935465 1.38322
0.908071 1.25252
0.86623 1.11706
0.816244 0.965539
0.788175 0.807488
0.799009 0.648669
0.828413 0.493989
0.807128 1.48364
0.774255 1.3503
0.73146 1.20986
0.700774 1.05527
0.700623 0.902047
0.72974 0.752681
0.66641 1.57603
0.634652 1.44356
0.609307 1.3021
0.608177 1.15166
0.632045 1.00889
0.537975 1.67437
0.518457 1.53989
0.51514 1.3982
0.532984 1.25167
0.426477 1.78552
0.421657 1.6471
0.432825 1.50155
0.317453 1.89534
0.330632 1.75329
0.195453 2.01241
1.36172 0.912805
1.43283 0.726425
1.4881 0.529545
1.57595 0.350433
1.6741 0.179185
1.76086 0.00760616
1.84192 -0.151611
1.93367 -0.299012
2.03529 -0.432863
2.13538 -0.537821
2.16817 -0.626734
2.22015 -0.695851
2.15856 -0.732944
2.09639 -0.776999
2.003 -0.811651
1.90567 -0.842273
1.80949 -0.862231
1.71429 -0.871457
1.62337 -0.881147
1.53229 -0.893163
1.43949 -0.895162
1.34815 -0.886155
1.26613 -0.874914
1.3581 0.801802
1.43009 0.615789
1.51021 0.426772
1.60281 0.247079
1.69388 0.0723833
1.77892 -0.0950923
1.86783 -0.250147
1.96228 -0.397006
2.04876 -0.533907
2.11402 -0.646335
1.34564 0.68825
1.42791 0.499118
1.51056 0.309439
1.59732 0.125071
1.68656 -0.0516176
1.77848 -0.217855
1.87137 -0.374565
1.95508 -0.525459
2.02701 -0.662726
1.32502 0.563097
1.4055 0.369622
1.48796 0.176467
1.5795 -0.00991126
1.67627 -0.188761
1.77038 -0.360175
1.85404 -0.524447
1.92935 -0.677271
1.2956 0.424117
1.37715 0.224002
1.46921 0.0287178
1.57111 -0.159622
1.66807 -0.343056
1.75334 -0.52238
1.83014 -0.690528
1.2738 0.270763
1.36466 0.0638459
1.46568 -0.134377
1.56633 -0.326684
1.6549 -0.515002
1.73189 -0.694697
1.26513 0.104202
1.3614 -0.105554
1.46325 -0.312083
1.55621 -0.50778
1.63653 -0.694827
1.25636 -0.0662966
1.35714 -0.288263
1.45341 -0.496808
1.5424 -0.697654
1.25324 -0.254251
1.3476 -0.473747
1.44441 -0.692694
1.24888 -0.441663
1.34722 -0.676893
1.26194 -0.653701
2.18559 -0.807453
2.16817 -0.957157
2.13258 -1.12358
2.11146 -1.29348
2.09016 -1.46237
2.0491 -1.62802
2.02238 -1.79973
2.03502 -1.9908
2.02238 -2.18272
1.96557 -2.38549
1.93936 -2.57144
1.92612 -2.75789
1.91725 -2.66655
1.90083 -2.57001
1.8706 -2.45722
1.80316 -2.33458
1.709 -2.18672
1.62965 -2.03074
1.55689 -1.87502
1.48804 -1.71721
1.41092 -1.5308
1.3342 -1.33755
1.26732 -1.13147
2.15609 -0.872073
2.13069 -1.02731
2.10099 -1.19391
2.08612 -1.36209
2.0658 -1.53456
2.04235 -1.70662
2.01154 -1.89459
1.98522 -2.08248
1.95781 -2.27935
1.93561 -2.48004
2.07684 -0.924785
2.04778 -1.08607
2.02646 -1.25585
2.01489 -1.4262
2.00496 -1.60344
1.9836 -1.78713
1.9449 -1.98266
1.92627 -2.17699
1.92299 -2.37275
1.9793 -0.972354
1.95281 -1.14268
1.93263 -1.31577
1.92311 -1.49389
1.92342 -1.67902
1.90649 -1.87142
1.88259 -2.07332
1.87796 -2.26558
1.88338 -1.01261
1.8591 -1.18727
1.84655 -1.36567
1.84792 -1.55421
1.84599 -1.7457
1.82454 -1.94221
1.80523 -2.13906
1.79049 -1.0363
1.77555 -1.21542
1.77095 -1.40298
1.77294 -1.5975
1.75885 -1.79525
1.72918 -1.98987
1.70064 -1.05249
1.69457 -1.2411
1.69524 -1.44027
1.68659 -1.63945
1.65962 -1.83533
1.61602 -1.07561
1.61231 -1.27517
1.60529 -1.47924
1.58548 -1.67915
1.52876 -1.09651
1.52157 -1.30606
1.50451 -1.50922
1.43564 -1.10561
1.42169 -1.32416
1.34331 -1.10833
1.89205 -2.86649
1.80237 -2.9489
1.67831 -2.98015
1.54431 -3.01519
1.36785 -3.01104
1.19312 -2.99619
1.02131 -2.96357
0.844591 -2.9448
0.668797 -2.903
0.486613 -2.79974
0.319731 -2.66536
0.093503 -2.46377
0.398062 -2.62819
0.619696 -2.69209
0.809872 -2.71694
0.93935 -2.5995
1.09778 -2.48878
1.17403 -2.33715
1.20037 -2.15165
1.23717 -1.94599
1.28288 -1.72747
1.27172 -1.47759
1.2375 -1.20831
1.28072 -1.3844
1.34497 -1.56809
1.41072 -1.75389
1.46763 -1.90954
1.53378 -2.06921
1.61113 -2.22069
1.70656 -2.37858
1.79246 -2.52818
1.83994 -2.65394
1.85967 -2.76153
1.30694 -1.63134
1.35589 -1.7961
1.39491 -1.95472
1.44536 -2.1141
1.50552 -2.25561
1.58674 -2.41005
1.67367 -2.56782
1.72951 -2.71331
1.75776 -2.82896
1.30211 -1.86198
1.32821 -2.0046
1.36839 -2.15756
1.4082 -2.29357
1.46715 -2.43427
1.53727 -2.58845
1.60273 -2.74384
1.64001 -2.86748
1.25657 -2.06748
1.27887 -2.2064
1.3076 -2.34277
1.3488 -2.47713
1.39939 -2.61055
1.45598 -2.76264
1.49266 -2.90383
1.20863 -2.26042
1.2218 -2.38382
1.24734 -2.50727
1.2741 -2.62644
1.3073 -2.76409
1.33662 -2.9074
1.13644 -2.43347
1.13001 -2.54349
1.14412 -2.64553
1.15717 -2.76329
1.17523 -2.88955
1.03292 -2.56992
1.02592 -2.66998
1.01816 -2.76712
1.01296 -2.87314
0.913864 -2.69427
0.881149 -2.77014
0.85659 -2.86152
0.746633 -2.75969
0.696393 -2.81273
0.535178 -2.73163
1.92548 -2.9655
1.83606 -3.17367
1.70573 -3.29741
1.60639 -3.38534
1.4738 -3.44043
1.37095 -3.50102
1.28836 -3.49086
1.16439 -3.41506
1.05527 -3.27566
0.914333 -3.13887
0.790863 -3.04481
0.727965 -2.99392
0.697282 -3.01279
0.649469 -3.04565
0.650122 -3.06481
0.527401 -2.98824
0.450307 -2.92484
0.372404 -2.86315
0.31123 -2.8126
0.239594 -2.76718
0.172445 -2.70598
0.129257 -2.63316
0.106488 -2.54999
0.301374 -2.7384
0.470027 -2.89068
0.604302 -2.95699
0.869452 -3.03078
1.06741 -3.05896
1.25578 -3.12041
1.4435 -3.12574
1.60447 -3.11736
1.74681 -3.11818
1.85565 -3.07693
0.313844 -2.81157
0.501491 -2.95211
0.714516 -3.02601
0.928368 -3.08885
1.11701 -3.17161
1.31286 -3.22569
1.50206 -3.25144
1.64229 -3.25878
1.74832 -3.23137
0.358442 -2.87247
0.561799 -2.99873
0.771001 -3.06875
0.964615 -3.14591
1.16075 -3.22723
1.34845 -3.31176
1.51668 -3.3405
1.62982 -3.34953
0.42851 -2.91741
0.620472 -3.04619
0.819327 -3.12907
1.00013 -3.21684
1.18422 -3.30138
1.37031 -3.38826
1.51387 -3.41138
0.49279 -2.96684
0.676975 -3.09892
0.864476 -3.20536
1.06249 -3.28382
1.23513 -3.3895
1.37795 -3.46727
0.544415 -3.02397
0.719416 -3.1545
0.911691 -3.24821
1.10134 -3.33207
1.24466 -3.4566
0.605525 -3.08549
0.780158 -3.20773
0.966855 -3.29693
1.15542 -3.37453
0.678795 -3.13973
0.84796 -3.25295
1.02655 -3.33113
0.739918 -3.16607
0.908986 -3.22966
0.792457 -3.1199
0.628675 -2.94018
0.514202 -2.82013
0.344404 -2.6817
0.161154 -2.5746
-0.027236 -2.4419
-0.211059 -2.29083
-0.405129 -2.13672
-0.600538 -1.96609
-0.792659 -1.79068
-0.977124 -1.6299
-1.16059 -1.46606
-1.31027 -1.26459
-1.23026 -1.3479
-1.13602 -1.42119
-1.04694 -1.50509
-0.940927 -1.59674
-0.822282 -1.69224
-0.704159 -1.78603
-0.590258 -1.89889
-0.483232 -2.00137
-0.367038 -2.11334
-0.246826 -2.23529
-0.0701749 -2.37099
-0.0560358 -2.44829
-0.013505 -2.53131
0.0529409 -2.59519
0.134001 -2.64457
0.208897 -2.69849
0.284972 -2.7592
0.36712 -2.81822
0.439583 -2.86859
0.502319 -2.90745
0.57037 -2.92304
-0.203009 -2.33308
-0.143825 -2.42322
-0.0587993 -2.49312
0.0229812 -2.54613
0.102285 -2.59774
0.179827 -2.66044
0.25508 -2.71804
0.340505 -2.75939
0.437355 -2.7688
-0.321638 -2.23213
-0.254925 -2.32574
-0.171965 -2.38801
-0.0862177 -2.4335
-0.011409 -2.49735
0.0652168 -2.56313
0.140349 -2.61943
0.254215 -2.65114
-0.432896 -2.1209
-0.362302 -2.2143
-0.274366 -2.26799
-0.195782 -2.32863
-0.121853 -2.39275
-0.0324689 -2.46204
0.0610114 -2.52383
-0.535787 -2.01059
-0.472066 -2.0967
-0.395859 -2.15681
-0.309342 -2.22172
-0.207278 -2.28954
-0.121849 -2.36596
-0.650296 -1.90065
-0.587288 -1.99405
-0.503056 -2.06519
-0.405279 -2.12692
-0.293388 -2.20634
-0.774037 -1.80267
-0.704975 -1.8872
-0.602414 -1.96329
-0.504134 -2.04532
-0.876736 -1.70189
-0.793965 -1.79027
-0.698544 -1.87768
-0.976439 -1.60717
-0.887386 -1.70863
-1.06757 -1.53723
-1.37197 -1.14026
-1.43975 -1.00703
-1.49744 -0.869784
-1.53764 -0.729147
-1.55853 -0.578352
-1.56454 -0.419765
-1.5589 -0.246426
-1.54043 -0.0553253
-1.50408 0.139377
-1.46433 0.331992
-1.43507 0.586827
-1.41277 0.7944
-1.36451 0.478007
-1.3008 0.146654
-1.22722 -0.142034
-1.14741 -0.426611
-1.06279 -0.710581
-0.966465 -0.98743
-0.828898 -1.2459
-0.674585 -1.49907
-0.51943 -1.75684
-0.352632 -2.00459
-0.135895 -2.26414
-0.29131 -2.11026
-0.390471 -1.99678
-0.513552 -1.8672
-0.635813 -1.76209
-0.760488 -1.66299
-0.869619 -1.5699
-0.985775 -1.4753
-1.08863 -1.3843
-1.18962 -1.28993
-1.28704 -1.2171
-0.441677 -1.88721
-0.549035 -1.73214
-0.662201 -1.62372
-0.794923 -1.52547
-0.919765 -1.43543
-1.03265 -1.34415
-1.13561 -1.25431
-1.2365 -1.16231
-1.33649 -1.08154
-0.604026 -1.60956
-0.693161 -1.49027
-0.826411 -1.37743
-0.954204 -1.29007
-1.07356 -1.2046
-1.17801 -1.12018
-1.28115 -1.02913
-1.38622 -0.943205
-0.750718 -1.36621
-0.860489 -1.24029
-0.982783 -1.14734
-1.10418 -1.05346
-1.21001 -0.970897
-1.31849 -0.887317
-1.42296 -0.804999
-0.907906 -1.11123
-1.01393 -0.997974
-1.1299 -0.895982
-1.23152 -0.810152
-1.33617 -0.73062
-1.4445 -0.657822
-1.03685 -0.855715
-1.14113 -0.740841
-1.24467 -0.640362
-1.34626 -0.557263
-1.45287 -0.488305
-1.13943 -0.574868
-1.24146 -0.463195
-1.34186 -0.376942
-1.44851 -0.309399
-1.22347 -0.309762
-1.32479 -0.204693
-1.42978 -0.119137
-1.30515 -0.00631532
-1.39902 0.0820407
-1.3683 0.246812
-1.44967 -1.0464
-1.60018 -0.837037
-1.75993 -0.638011
-1.91454 -0.450106
-2.04642 -0.259919
-2.14987 -0.0648951
-2.26667 0.111588
-2.39089 0.267749
-2.49808 0.423975
-2.59504 0.571561
-2.67986 0.70833
-2.7186 0.802611
-2.62097 0.790294
-2.53972 0.798449
-2.46646 0.820587
-2.37038 0.840197
-2.25787 0.85051
-2.13285 0.857012
-1.9944 0.863006
-1.85362 0.857464
-1.72456 0.841051
-1.60748 0.830597
-1.4988 0.816047
-1.53534 0.604459
-1.57771 0.385256
-1.62306 0.18697
-1.65591 -0.00449726
-1.67115 -0.18712
-1.67443 -0.358043
-1.67309 -0.514824
-1.6522 -0.667166
-1.60158 -0.805802
-1.52776 -0.930317
-1.65472 0.624628
-1.7054 0.420838
-1.75125 0.22772
-1.77641 0.0373327
-1.78773 -0.139661
-1.79226 -0.308178
-1.78908 -0.466173
-1.75896 -0.609729
-1.68842 -0.731359
-1.7837 0.647439
-1.84101 0.449255
-1.88133 0.253981
-1.90047 0.0635014
-1.90609 -0.109033
-1.91161 -0.272327
-1.89748 -0.417161
-1.84438 -0.539031
-1.91975 0.665356
-1.97509 0.464476
-2.00973 0.270692
-2.02468 0.0892755
-2.02842 -0.075698
-2.01876 -0.22311
-1.98362 -0.348532
-2.05625 0.670351
-2.10525 0.477869
-2.13383 0.294426
-2.13882 0.125694
-2.12488 -0.0232559
-2.09443 -0.152162
-2.18665 0.672183
-2.22844 0.493684
-2.24638 0.325146
-2.23089 0.172388
-2.196 0.0437504
-2.31061 0.677334
-2.3421 0.506212
-2.34043 0.349064
-2.31244 0.217529
-2.41605 0.668225
-2.4349 0.507579
-2.42368 0.372274
-2.49624 0.653062
-2.5126 0.521647
-2.57603 0.664273
-0.337116 2.54095
-0.525724 2.5673
-0.711159 2.53647
-0.8939 2.48098
-1.05009 2.37918
-1.19047 2.24019
-1.27759 2.07609
-1.32925 1.89235
-1.37235 1.68404
-1.38866 1.44109
-1.40827 1.1694
-1.46931 1.10019
-1.52635 1.31249
-1.58326 1.53383
-1.63786 1.73309
-1.68182 1.93488
-1.71429 2.11323
-1.73796 2.28371
-1.76004 2.43269
-1.7703 2.56808
-1.76136 2.70132
-1.72992 2.83089
-1.62407 2.86775
-1.51482 2.90482
-1.39234 2.93961
-1.25709 2.94969
-1.11617 2.917
-0.981044 2.86543
-0.854679 2.8168
-0.735799 2.76247
-0.611732 2.68891
-0.475244 2.61191
-1.64566 2.74304
-1.52693 2.78514
-1.40003 2.81385
-1.26252 2.80298
-1.12342 2.76247
-0.99196 2.72226
-0.877406 2.69102
-0.770402 2.64854
-0.649635 2.59756
-1.6464 2.61238
-1.52469 2.65579
-1.3983 2.66717
-1.26526 2.64633
-1.13291 2.61051
-1.0167 2.58195
-0.92088 2.56506
-0.825255 2.54847
-1.63718 2.48055
-1.5145 2.50574
-1.39547 2.50401
-1.27741 2.48427
-1.1644 2.46294
-1.06389 2.44876
-0.984328 2.46251
-1.61581 2.32378
-1.50108 2.33674
-1.39364 2.32996
-1.29487 2.31994
-1.20489 2.31747
-1.12183 2.33618
-1.59801 2.1457
-1.48987 2.15403
-1.39229 2.15369
-1.3082 2.15807
-1.23979 2.18248
-1.57182 1.95702
-1.47215 1.96647
-1.38593 1.97916
-1.31781 2.01245
-1.53588 1.75918
-1.44675 1.78223
-1.37612 1.82171
-1.49029 1.56037
-1.41519 1.60444
-1.44096 1.35299
-2.62705 0.891552
-2.58134 1.04566
-2.50019 1.20934
-2.42981 1.39874
-2.34725 1.58888
-2.24892 1.77082
-2.1694 1.9537
-2.11894 2.15059
-2.06215 2.35909
-1.96063 2.56788
-1.82139 2.76412
-1.56664 1.07778
-1.67351 1.06639
-1.78985 1.0638
-1.92748 1.06045
-2.07306 1.04957
-2.19881 1.03151
-2.30692 1.01655
-2.40733 0.995345
-2.49782 0.964885
-2.56996 0.93262
-1.6281 1.28676
-1.7359 1.26534
-1.86469 1.25245
-2.01165 1.24066
-2.14182 1.22483
-2.24149 1.2049
-2.33003 1.17786
-2.42966 1.14605
-2.51573 1.09985
-1.68839 1.50816
-1.80688 1.47667
-1.94608 1.44537
-2.08013 1.42298
-2.17966 1.40232
-2.25779 1.37147
-2.34805 1.33339
-2.44145 1.28381
-1.74929 1.69515
-1.87574 1.6561
-2.00593 1.62823
-2.1116 1.60811
-2.19109 1.57623
-2.27018 1.52926
-2.3613 1.47354
-1.79953 1.8924
-1.92124 1.84667
-2.03523 1.81342
-2.12547 1.78169
-2.19831 1.72895
-2.27371 1.66306
-1.83364 2.06796
-1.95155 2.02654
-2.05887 1.98926
-2.14072 1.93073
-2.19765 1.85395
-1.86091 2.234
-1.98467 2.18909
-2.08634 2.13243
-2.14458 2.04877
-1.88801 2.38743
-2.01099 2.33307
-2.09262 2.25178
-1.89684 2.52314
-2.00489 2.45754
-1.87718 2.65107
3.84411 3.23912
3.89606 3.3291
3.99995 3.50905
4.1558 3.77898
4.83111 3.50905
4.98695 3.23912
5.09085 3.41907
5.19474 3.23912
5.09085 3.05917
5.29864 3.05917
5.29864 2.87922
5.40253 2.69927
5.50643 2.51932
5.45448 2.60929
5.29864 2.69927
5.24669 2.78924
4.93501 2.96919
4.72722 3.14915
4.57137 3.23912
4.31164 3.3291
4.10385 3.689
4.0519 3.77898
4.1558 3.59902
4.25969 3.41907
4.36358 3.23912
4.31164 3.14915
4.46748 3.23912
4.62332 3.3291
4.72722 3.3291
4.77916 3.23912
4.67527 3.05917
4.62332 3.14915
4.36358 3.05917
4.25969 3.23912
4.0519 3.23912
3.89606 3.14915
3.89606 3.50905
4.20774 3.50905
4.88306 3.23912
4.83111 3.3291
4.93501 3.3291
5.09085 3.23912
5.1428 3.14915
5.1428 2.96919
5.24669 2.96919
5.35059 2.78924
4.1558 3.23912
4.41553 3.50905
4.72722 3.50905
4.88306 3.41907
4.98695 3.41907
5.0389 3.3291
5.24669 3.14915
5.19474 3.05917
5.19474 2.87922
4.41553 3.3291
4.57137 3.41907
4.67527 3.59902
4.88306 3.59902
4.93501 3.50905
5.1428 3.3291
5.0389 3.14915
5.0389 2.96919
4.51943 3.3291
4.62332 3.50905
4.51943 3.86895
4.72722 3.689
4.77916 3.59902
4.77916 3.41907
4.83111 3.14915
4.67527 3.23912
4.62332 3.689
4.46748 3.77898
4.57137 3.77898
4.51943 3.689
4.67527 3.41907
4.51943 3.14915
4.57137 3.59902
4.36358 3.77898
4.36358 3.59902
4.46748 3.41907
4.51943 3.50905
4.41553 3.689
4.31164 3.689
4.31164 3.50905
4.46748 3.59902
4.25969 3.77898
4.20774 3.689
4.41553 3.86895
4.25969 3.59902
4.36358 3.41907
4.46748 3.05917
4.83111 2.96919
4.83111 2.78924
4.88306 2.51932
4.88306 2.33937
4.93501 2.06944
4.77916 1.97946
4.67527 1.97946
4.72722 1.88949
4.67527 1.79951
4.62332 1.70954
4.57137 1.61956
4.83111 1.70954
4.98695 1.61956
4.93501 1.52959
5.19474 1.97946
4.88306 2.15941
4.62332 2.24939
4.46748 2.51932
4.36358 2.69927
4.20774 2.78924
3.94801 2.87922
3.79216 3.14915
3.94801 3.05917
4.1558 3.05917
4.25969 3.05917
4.36358 2.87922
4.72722 2.96919
4.93501 3.14915
4.98695 3.05917
4.88306 3.05917
4.77916 3.05917
4.57137 3.05917
4.1558 2.87922
4.25969 2.87922
4.46748 2.87922
4.67527 2.87922
4.98695 2.87922
5.1428 2.78924
5.19474 2.69927
5.09085 2.87922
4.88306 2.87922
4.31164 2.78924
4.51943 2.78924
4.72722 2.78924
4.93501 2.78924
5.09085 2.69927
5.35059 2.60929
5.09085 2.51932
4.98695 2.69927
4.57137 2.51932
4.93501 2.60929
4.83111 2.60929
5.0389 2.60929
5.19474 2.51932
5.24669 2.42934
5.1428 2.42934
4.77916 2.33937
4.93501 2.42934
4.83111 2.42934
5.0389 2.42934
5.09085 2.33937
5.19474 2.15941
4.83111 2.24939
4.98695 2.33937
5.0389 2.24939
5.29864 2.33937
4.98695 2.15941
5.09085 2.15941
5.1428 2.06944
5.24669 1.88949
4.88306 1.97946
5.0389 1.88949
5.0389 1.70954
4.83111 1.88949
4.98695 1.79951
4.98695 1.97946
4.88306 1.79951
5.45448 2.42934
5.35059 2.42934
5.40253 2.33937
5.1428 2.24939
4.77916 2.15941
4.83111 2.06944
4.72722 2.06944
4.62332 1.88949
4.72722 1.70954
4.62332 1.52959
4.51943 1.52959
4.46748 1.43961
4.36358 1.61956
4.25969 1.79951
4.1558 1.97946
4.1558 2.33937
4.10385 2.60929
4.0519 2.87922
3.99995 3.14915
3.79216 3.3291
3.84411 3.41907
3.99995 3.689
4.20774 3.3291
5.40253 2.51932
5.29864 2.51932
5.19474 2.33937
4.93501 2.24939
4.67527 2.15941
4.57137 2.15941
4.51943 2.06944
4.46748 1.97946
4.46748 1.79951
4.41553 1.70954
5.24669 2.60929
5.1428 2.60929
4.98695 2.51932
4.67527 2.33937
4.57137 2.33937
4.36358 2.33937
4.41553 2.24939
4.41553 2.06944
4.36358 1.97946
5.0389 2.78924
4.88306 2.69927
4.77916 2.51932
4.46748 2.69927
4.20774 2.60929
4.41553 2.42934
4.20774 2.24939
4.25969 2.15941
4.77916 2.87922
4.62332 2.78924
4.41553 2.78924
4.31164 2.96919
4.25969 2.69927
4.25969 2.51932
4.20774 2.42934
4.62332 2.96919
4.41553 2.96919
4.20774 2.96919
4.10385 2.96919
4.10385 2.78924
4.1558 2.69927
4.41553 3.14915
4.20774 3.14915
4.10385 3.14915
4.0519 3.05917
3.99995 2.96919
4.1558 3.41907
4.10385 3.3291
3.99995 3.3291
3.94801 3.23912
4.0519 3.59902
4.0519 3.41907
3.94801 3.41907
3.94801 3.77898
3.94801 3.59902
4.10385 3.50905
5.55838 2.42934
5.55838 2.24939
5.50643 2.15941
5.55838 2.06944
5.50643 1.97946
5.55838 1.88949
5.45448 1.70954
5.35059 1.52959
5.24669 1.34963
5.09085 1.07971
5.0389 0.989732
4.88306 0.899756
4.83111 0.80978
4.77916 0.899756
4.83111 0.989732
4.77916 1.07971
4.72722 1.16968
4.72722 0.989732
4.88306 1.07971
4.83111 1.16968
4.88306 1.25966
4.88306 1.43961
4.67527 1.43961
5.50643 2.33937
5.45448 2.24939
5.40253 2.15941
5.45448 2.06944
5.45448 1.88949
5.50643 1.79951
5.40253 1.61956
5.29864 1.43961
5.1428 1.16968
4.93501 0.989732
5.35059 2.24939
5.29864 2.15941
5.35059 2.06944
5.40253 1.97946
5.40253 1.79951
5.35059 1.70954
5.29864 1.61956
5.19474 1.25966
4.98695 1.07971
5.24669 2.24939
5.24669 2.06944
5.29864 1.97946
5.35059 1.88949
5.24669 1.70954
5.24669 1.52959
5.1428 1.34963
4.93501 1.16968
5.0389 2.06944
5.1428 1.88949
5.19474 1.79951
5.29864 1.79951
5.19474 1.61956
5.19474 1.43961
5.0389 1.16968
5.09085 1.97946
5.09085 1.79951
5.09085 1.61956
5.1428 1.52959
5.1428 1.70954
5.0389 1.34963
4.93501 1.88949
4.93501 1.70954
5.0389 1.52959
5.09085 1.43961
4.93501 1.34963
4.77916 1.79951
4.88306 1.61956
4.98695 1.43961
4.98695 1.25966
4.77916 1.61956
4.83111 1.52959
5.09085 1.25966
4.67527 1.61956
4.77916 1.43961
4.72722 1.52959
4.72722 0.80978
4.51943 0.80978
4.36358 0.719805
4.1558 0.719805
3.89606 0.629829
3.68827 0.629829
3.48048 0.629829
3.32464 0.719805
3.22074 0.719805
3.16879 0.80978
3.01295 0.899756
3.0649 0.989732
3.16879 0.989732
3.27269 0.989732
3.42853 1.07971
3.53243 1.07971
3.68827 1.16968
3.79216 0.989732
3.89606 0.989732
4.1558 1.07971
4.51943 1.16968
4.25969 1.25966
4.51943 1.34963
4.62332 0.80978
4.46748 0.719805
4.25969 0.719805
4.0519 0.719805
3.79216 0.629829
3.58437 0.629829
3.42853 0.719805
3.27269 0.80978
3.22074 0.899756
3.11685 0.899756
4.57137 0.719805
4.41553 0.80978
4.20774 0.80978
3.94801 0.719805
3.74022 0.719805
3.53243 0.719805
3.37658 0.80978
3.32464 0.899756
3.37658 0.989732
4.67527 0.899756
4.46748 0.899756
4.31164 0.80978
3.84411 0.719805
3.63632 0.719805
3.48048 0.80978
3.42853 0.899756
3.48048 0.989732
4.62332 0.989732
4.36358 0.899756
4.10385 0.80978
3.99995 0.80978
3.68827 0.80978
3.58437 0.80978
3.58437 0.989732
4.51943 0.989732
4.25969 0.899756
4.1558 0.899756
3.89606 0.80978
3.79216 0.80978
3.63632 0.899756
4.57137 0.899756
4.31164 0.989732
4.0519 0.899756
3.94801 0.899756
3.84411 0.899756
4.57137 1.07971
4.41553 0.989732
4.20774 0.989732
4.10385 0.989732
4.67527 1.07971
4.46748 1.07971
4.36358 1.07971
4.77916 1.25966
4.62332 1.16968
4.67527 1.25966
3.01295 1.07971
3.11685 1.07971
3.16879 1.16968
3.42853 1.25966
3.58437 1.34963
3.63632 1.43961
3.79216 1.52959
3.74022 1.61956
3.63632 1.79951
3.53243 1.97946
3.63632 2.15941
3.58437 2.24939
3.68827 2.06944
3.89606 1.88949
4.0519 1.79951
4.1558 1.61956
4.25969 1.43961
4.36358 1.43961
4.31164 1.34963
4.41553 1.34963
4.83111 1.34963
4.62332 1.34963
4.57137 1.43961
4.72722 1.34963
4.41553 1.16968
4.25969 1.07971
3.99995 0.989732
3.74022 0.899756
3.68827 0.989732
3.53243 0.899756
3.63632 1.25966
3.32464 1.07971
3.22074 1.07971
4.57137 1.25966
4.31164 1.16968
4.0519 1.07971
3.94801 1.07971
3.84411 1.07971
3.74022 1.07971
3.63632 1.07971
3.48048 1.16968
3.27269 1.16968
4.46748 1.25966
4.20774 1.16968
4.10385 1.16968
3.99995 1.16968
3.89606 1.16968
3.79216 1.16968
3.58437 1.16968
3.37658 1.16968
4.36358 1.25966
4.1558 1.25966
4.0519 1.25966
3.94801 1.25966
3.84411 1.25966
3.74022 1.25966
3.53243 1.25966
4.20774 1.34963
4.10385 1.34963
3.99995 1.34963
3.89606 1.34963
3.79216 1.34963
3.68827 1.34963
4.1558 1.43961
4.0519 1.43961
3.94801 1.43961
3.84411 1.43961
3.74022 1.43961
4.20774 1.52959
3.99995 1.52959
4.10385 1.52959
3.89606 1.52959
3.99995 1.70954
3.89606 1.70954
3.84411 1.61956
3.94801 1.97946
3.79216 1.70954
3.74022 1.97946
2.961 0.989732
2.80516 1.07971
2.75321 1.16968
2.64932 1.34963
2.59737 1.43961
2.54542 1.52959
2.64932 1.52959
3.01295 1.43961
3.27269 1.34963
3.58437 1.52959
3.48048 1.52959
3.53243 1.61956
3.42853 1.61956
3.32464 1.61956
3.22074 1.61956
3.16879 1.70954
3.01295 1.79951
2.961 1.88949
3.11685 1.97946
3.16879 2.06944
3.32464 2.15941
3.37658 2.24939
3.42853 2.15941
3.58437 2.06944
3.58437 1.88949
3.68827 1.70954
3.63632 1.61956
3.68827 1.52959
3.48048 1.34963
3.32464 1.25966
3.11685 1.25966
2.961 1.16968
2.90906 1.07971
3.48048 2.06944
3.37658 1.88949
3.53243 1.79951
3.58437 1.70954
3.42853 1.43961
3.22074 1.25966
3.01295 1.25966
2.70127 1.25966
2.85711 1.16968
3.32464 1.97946
3.42853 1.79951
3.37658 1.52959
3.27269 1.52959
3.16879 1.34963
3.0649 1.16968
2.90906 1.25966
2.80516 1.25966
3.27269 1.88949
3.32464 1.79951
3.11685 1.61956
3.11685 1.43961
2.961 1.34963
2.85711 1.34963
2.75321 1.34963
3.11685 1.79951
2.70127 1.61956
2.85711 1.52959
2.90906 1.61956
2.80516 1.43961
2.70127 1.43961
2.75321 1.70954
2.80516 1.61956
2.49348 1.61956
2.75321 1.52959
2.59737 1.61956
3.01295 1.61956
3.0649 1.52959
2.90906 1.43961
2.961 1.52959
3.16879 1.52959
3.22074 1.43961
3.0649 1.34963
3.37658 1.34963
3.32464 1.43961
3.53243 1.43961
3.48048 1.70954
3.27269 1.70954
2.961 1.70954
2.64932 1.70954
2.44153 1.70954
2.33763 1.88949
2.38958 2.15941
2.44153 2.42934
2.44153 2.60929
2.28569 2.69927
2.49348 2.87922
2.64932 2.96919
2.54542 2.96919
2.59737 2.87922
2.49348 3.05917
2.59737 3.05917
2.70127 2.87922
2.961 2.96919
3.11685 2.87922
3.22074 2.87922
3.27269 2.78924
3.37658 2.60929
3.48048 2.42934
3.48048 2.24939
3.22074 2.33937
3.16879 2.24939
3.0649 2.24939
2.961 2.06944
2.90906 1.97946
2.85711 1.70954
3.0649 1.88949
3.22074 1.79951
3.37658 1.70954
3.22074 2.51932
3.16879 2.42934
3.01295 2.33937
2.85711 2.24939
2.75321 2.24939
2.75321 2.06944
2.75321 1.88949
2.90906 1.79951
3.0649 1.70954
3.16879 2.60929
3.01295 2.51932
2.961 2.42934
2.80516 2.33937
2.59737 2.15941
2.59737 1.97946
2.59737 1.79951
2.80516 1.79951
2.90906 2.51932
2.80516 2.51932
2.64932 2.42934
2.49348 2.33937
2.28569 2.15941
2.38958 1.97946
2.44153 1.88949
2.90906 2.69927
2.64932 2.60929
2.54542 2.42934
2.28569 2.33937
2.33763 2.06944
2.44153 2.06944
2.64932 2.78924
2.54542 2.60929
2.33763 2.42934
2.33763 2.24939
2.28569 1.97946
2.54542 2.78924
2.33763 2.78924
2.28569 2.51932
2.38958 2.33937
2.44153 2.96919
2.33763 2.60929
2.38958 2.51932
2.44153 2.78924
2.38958 2.69927
2.38958 2.87922
2.70127 3.05917
2.70127 3.23912
2.90906 3.23912
2.961 3.50905
2.961 3.689
3.0649 3.689
3.27269 3.86895
3.48048 3.689
3.63632 3.59902
3.74022 3.41907
3.68827 3.3291
3.74022 3.23912
3.63632 3.41907
3.74022 3.59902
3.84411 3.77898
3.74022 3.77898
3.68827 3.689
3.58437 3.689
3.58437 3.50905
3.58437 3.3291
3.48048 3.14915
3.53243 2.87922
3.53243 2.51932
3.53243 2.69927
3.42853 2.87922
3.37658 2.96919
3.22074 3.05917
3.32464 3.05917
2.961 3.14915
2.75321 3.14915
2.59737 3.23912
2.64932 3.14915
2.54542 3.14915
3.48048 2.96919
3.53243 3.05917
3.27269 3.14915
3.32464 3.23912
3.11685 3.23912
2.75321 3.3291
2.85711 3.3291
2.80516 3.41907
2.80516 3.23912
3.53243 3.23912
3.42853 3.23912
3.37658 3.3291
3.37658 3.50905
3.11685 3.41907
3.01295 3.41907
3.22074 3.41907
2.90906 3.41907
3.53243 3.41907
3.42853 3.41907
3.27269 3.50905
3.22074 3.59902
3.01295 3.59902
3.11685 3.59902
3.0649 3.50905
3.53243 3.59902
3.42853 3.59902
3.27269 3.689
3.11685 3.77898
3.16879 3.689
3.01295 3.77898
3.68827 3.86895
3.37658 3.689
3.37658 3.86895
3.32464 3.77898
3.22074 3.77898
3.53243 3.77898
3.58437 3.86895
3.48048 3.86895
3.42853 3.77898
3.79216 3.86895
3.79216 3.689
3.63632 3.77898
3.89606 3.689
3.84411 3.59902
3.79216 3.50905
2.75321 2.96919
2.80516 3.05917
3.01295 2.87922
2.85711 2.78924
2.75321 2.78924
2.59737 2.69927
2.49348 2.51932
2.44153 2.24939
2.54542 2.06944
2.54542 1.70954
2.38958 1.79951
2.33763 1.70954
2.54542 1.88949
2.64932 2.06944
2.70127 2.15941
2.90906 2.33937
3.0649 2.42934
3.11685 2.51932
3.32464 2.69927
3.48048 2.78924
3.58437 2.96919
3.63632 3.05917
3.68827 3.14915
3.63632 3.23912
3.68827 3.50905
3.48048 3.50905
3.32464 3.59902
3.16879 3.50905
2.85711 3.50905
2.90906 3.59902
3.0649 3.3291
2.85711 3.14915
2.85711 2.96919
3.58437 3.14915
3.48048 3.3291
3.32464 3.41907
3.27269 3.3291
3.16879 3.3291
2.961 3.3291
3.01295 3.23912
3.0649 3.14915
3.0649 2.78924
3.42853 3.05917
3.37658 3.14915
3.22074 3.23912
3.16879 3.14915
3.11685 3.05917
3.01295 3.05917
2.90906 3.05917
2.961 2.78924
3.32464 2.87922
3.27269 2.96919
3.16879 2.96919
3.0649 2.96919
3.37658 2.78924
2.90906 2.87922
2.80516 2.87922
3.22074 2.69927
3.16879 2.78924
3.11685 2.69927
3.01295 2.69927
2.70127 2.69927
2.80516 2.69927
3.0649 2.60929
2.961 2.60929
2.85711 2.60929
2.75321 2.60929
2.49348 2.69927
2.85711 2.42934
2.75321 2.42934
2.70127 2.51932
2.59737 2.51932
2.70127 2.33937
2.59737 2.33937
2.64932 2.24939
2.54542 2.24939
2.49348 2.15941
2.49348 1.97946
4.51943 2.96919
4.77916 2.69927
4.62332 2.60929
4.41553 2.60929
4.31164 2.60929
3.89606 2.42934
4.0519 2.69927
3.99995 2.78924
3.89606 2.78924
3.89606 2.96919
3.84411 3.05917
3.74022 3.05917
3.74022 2.87922
3.74022 2.69927
3.74022 2.51932
3.74022 2.33937
3.84411 2.15941
3.99995 2.06944
4.0519 1.97946
4.20774 1.88949
4.31164 1.70954
4.46748 1.61956
4.51943 1.70954
4.57137 1.79951
4.51943 1.88949
4.57137 1.97946
4.62332 2.06944
4.72722 2.24939
4.72722 2.42934
4.72722 2.60929
4.67527 2.69927
4.57137 2.87922
4.36358 1.79951
4.41553 1.88949
4.31164 1.88949
4.36358 2.15941
4.46748 2.15941
4.51943 2.24939
4.62332 2.42934
4.67527 2.51932
4.57137 2.69927
4.10385 1.88949
4.25969 1.97946
4.20774 2.06944
4.31164 2.06944
4.31164 2.24939
4.46748 2.33937
4.51943 2.42934
4.51943 2.60929
4.10385 2.06944
4.0519 2.15941
4.1558 2.15941
4.10385 2.24939
4.25969 2.33937
4.31164 2.42934
4.36358 2.51932
3.94801 2.15941
3.99995 2.24939
3.94801 2.33937
4.0519 2.33937
4.10385 2.42934
4.1558 2.51932
3.84411 2.33937
3.89606 2.24939
3.94801 2.51932
3.99995 2.42934
4.0519 2.51932
3.79216 2.42934
3.84411 2.51932
3.99995 2.60929
3.89606 2.60929
3.79216 2.60929
3.84411 2.69927
3.94801 2.69927
3.79216 2.78924
3.84411 2.87922
3.79216 2.96919
2.49348 1.79951
2.70127 1.79951
2.80516 1.97946
3.01295 1.97946
3.16879 1.88949
3.48048 1.88949
3.74022 1.79951
3.94801 1.61956
4.10385 1.70954
4.25969 1.61956
4.41553 1.52959
3.68827 2.96919
3.63632 2.87922
3.58437 2.78924
3.42853 2.69927
3.32464 2.51932
3.11685 2.33937
2.961 2.24939
2.80516 2.15941
2.70127 1.97946
2.64932 1.88949
3.68827 2.78924
3.63632 2.69927
3.48048 2.60929
3.27269 2.60929
3.32464 2.33937
3.11685 2.15941
3.01295 2.15941
2.85711 2.06944
2.85711 1.88949
3.68827 2.60929
3.58437 2.60929
3.42853 2.51932
3.37658 2.42934
3.27269 2.24939
3.27269 2.06944
3.0649 2.06944
2.90906 2.15941
3.63632 2.51932
3.58437 2.42934
3.53243 2.33937
3.42853 2.33937
3.27269 2.42934
3.22074 2.15941
3.22074 1.97946
3.68827 2.42934
3.63632 2.33937
3.68827 2.24939
3.53243 2.15941
3.37658 2.06944
3.42853 1.97946
3.79216 2.24939
3.74022 2.15941
3.79216 2.06944
3.63632 1.97946
3.68827 1.88949
3.89606 2.06944
3.84411 1.97946
3.79216 1.88949
3.84411 1.79951
3.99995 1.88949
4.0519 1.61956
3.94801 1.79951
4.20774 1.70954
4.1558 1.79951
4.31164 1.52959
6.90263 4.05216
6.93756 3.92297
6.97871 3.78549
7.01412 3.63423
7.05522 3.46239
7.08648 3.27561
7.08906 3.08485
7.09062 2.89594
7.09997 2.69628
7.10432 2.48062
7.09213 2.25442
7.08018 2.02451
7.05507 1.79396
7.03525 1.91265
6.98449 2.0291
6.91793 2.13876
6.84596 2.25249
6.75714 2.37377
6.64962 2.49621
6.5383 2.62078
6.42271 2.745
6.29131 2.87006
6.14477 3
5.98396 3.15222
5.80325 3.33706
5.86755 3.37711
5.94522 3.43131
6.04169 3.49989
6.14772 3.57247
6.25657 3.63616
6.37072 3.69349
6.48379 3.74957
6.57824 3.81554
6.66162 3.89249
6.76187 3.95502
6.85462 3.99702
6.89409 3.86368
6.9406 3.71595
6.98378 3.54863
7.01653 3.36363
7.03845 3.17377
7.04951 2.98259
7.05786 2.78786
7.06723 2.58133
7.06916 2.36224
7.05987 2.13975
6.81399 3.80535
6.88085 3.64425
6.93038 3.46516
6.95937 3.2753
6.97985 3.08285
6.99506 2.88772
7.00598 2.67993
7.01078 2.46875
7.00506 2.24797
6.73733 3.72622
6.80298 3.56019
6.84487 3.38331
6.87544 3.19808
6.90651 3.00041
6.92939 2.79539
6.94025 2.57836
6.93651 2.36169
6.64673 3.64884
6.69654 3.481
6.73785 3.30301
6.7835 3.11553
6.82586 2.91367
6.85085 2.70008
6.85765 2.47872
6.53509 3.57958
6.58207 3.40281
6.63686 3.22001
6.69354 3.02763
6.73561 2.81932
6.75545 2.59762
6.42206 3.51299
6.4794 3.32655
6.54427 3.13606
6.60138 2.93543
6.63519 2.72123
6.31877 3.44558
6.38523 3.25287
6.45403 3.0548
6.50892 2.84314
6.21834 3.37757
6.29667 3.17516
6.3701 2.96571
6.12594 3.30062
6.21602 3.08898
6.04523 3.22597
5.66587 3.55062
5.54958 3.72333
5.45015 3.87476
5.35108 4.01227
5.25134 4.14008
5.16326 4.26578
5.08578 4.3856
5.00048 4.49136
4.90077 4.5722
4.7954 4.63213
4.68083 4.67026
4.57464 4.68536
4.78958 4.67506
4.99984 4.63677
5.21534 4.59324
5.44167 4.56414
5.66624 4.51214
5.87736 4.43302
6.07672 4.35999
6.26579 4.29554
6.45356 4.24897
6.63345 4.17998
6.78979 4.09623
6.71602 4.08665
6.60772 4.04873
6.50624 3.98177
6.41489 3.91443
6.31378 3.86075
6.1963 3.81392
6.07916 3.75916
5.96424 3.69291
5.85421 3.62342
5.7551 3.57427
6.54512 4.17145
6.43554 4.12399
6.33337 4.06155
6.23807 4.00867
6.13139 3.96745
6.00875 3.92774
5.88798 3.87028
5.77226 3.8026
5.65855 3.74854
6.35769 4.23514
6.24754 4.1856
6.14416 4.13357
6.0486 4.09978
5.93726 4.07017
5.81163 4.029
5.68946 3.97034
5.57188 3.90919
6.16426 4.2979
6.05164 4.253
5.95342 4.21392
5.85554 4.18951
5.73604 4.16194
5.60861 4.11727
5.47936 4.06082
5.96686 4.36733
5.85679 4.33114
5.7606 4.30434
5.65623 4.27848
5.52997 4.24379
5.39021 4.19665
5.76332 4.43588
5.66061 4.41423
5.56515 4.39576
5.4497 4.36499
5.31422 4.3182
5.55306 4.49835
5.45652 4.49004
5.35593 4.4772
5.23284 4.43916
5.33913 4.55293
5.24465 4.55591
5.13374 4.53723
5.12355 4.60765
5.02304 4.60662
4.90249 4.65656
6.99657 1.68166
6.9014 1.5756
6.78932 1.46658
6.65734 1.37171
6.50695 1.28932
6.34837 1.2081
6.18205 1.13386
6.00824 1.0719
5.8196 1.01523
5.61977 0.96777
5.39899 0.917309
5.15491 0.861456
5.43127 1.01449
5.66054 1.16911
5.86074 1.32879
6.02758 1.49405
6.1597 1.66795
6.24302 1.85589
6.27078 2.06814
6.25408 2.29771
6.20584 2.53925
6.1129 2.78738
5.98286 3.04742
6.95037 1.8008
6.84769 1.69065
6.73126 1.58264
6.59365 1.48852
6.44753 1.40469
6.29841 1.32432
6.1408 1.25027
5.97599 1.18773
5.79852 1.12572
5.61603 1.07335
6.88794 1.91584
6.7833 1.8027
6.66391 1.70031
6.52969 1.6086
6.39179 1.52377
6.25486 1.44434
6.11465 1.37012
5.9647 1.29937
5.80783 1.23117
6.82058 2.02876
6.71431 1.91986
6.59592 1.82237
6.46968 1.73326
6.34523 1.64433
6.22562 1.55802
6.10549 1.47891
5.9818 1.40213
6.74473 2.14688
6.63694 2.04304
6.52478 1.94476
6.41233 1.85007
6.30866 1.75621
6.2154 1.66355
6.12381 1.57536
6.65168 2.26915
6.55121 2.16729
6.45508 2.06548
6.36385 1.96108
6.28744 1.85779
6.22718 1.75791
6.55233 2.3937
6.46632 2.28745
6.38839 2.17797
6.32521 2.06778
6.28252 1.95923
6.45201 2.51782
6.37849 2.40776
6.32359 2.29314
6.29162 2.17939
6.34506 2.63923
6.2879 2.52792
6.26184 2.41378
6.22607 2.76769
6.19681 2.65699
6.10254 2.90164
7.02467 1.55662
6.96511 1.32021
6.87324 1.09934
6.76992 0.896943
6.65166 0.712478
6.50755 0.546841
6.36469 0.380089
6.24374 0.215218
6.12826 0.0745471
6.02121 -0.047909
5.92346 -0.149689
5.83122 -0.182768
5.81479 -0.180087
5.79447 -0.126447
5.75913 -0.034664
5.69901 0.0592231
5.62503 0.154205
5.55101 0.261405
5.47703 0.372828
5.39974 0.478044
5.32796 0.578814
5.26362 0.67932
5.20452 0.778616
6.94447 1.4494
6.86996 1.22277
6.77571 1.01144
6.66878 0.819575
6.54199 0.641534
6.40303 0.472852
6.26995 0.308882
6.14774 0.159572
6.03153 0.0270238
5.92349 -0.0941082
6.83561 1.34626
6.7541 1.13372
6.65321 0.932861
6.5378 0.747405
6.41013 0.571884
6.27413 0.404511
6.14468 0.253006
6.02286 0.117023
5.90691 -0.00990885
6.71171 1.25507
6.61463 1.05286
6.50635 0.865701
6.38378 0.6833
6.25151 0.510111
6.12009 0.351242
5.99295 0.208862
5.87443 0.0835905
6.56373 1.17369
6.45727 0.985015
6.3396 0.801567
6.21134 0.62634
6.07708 0.461569
5.94395 0.309731
5.81938 0.176653
6.4016 1.09812
6.28606 0.916945
6.15941 0.742762
6.02474 0.580011
5.88681 0.425726
5.75487 0.282849
6.23142 1.02445
6.10254 0.852313
5.96636 0.693659
5.82591 0.544414
5.68702 0.39946
6.0504 0.958536
5.90774 0.800005
5.76091 0.653008
5.61769 0.512639
5.85672 0.90534
5.7027 0.756343
5.54945 0.616951
5.65452 0.860641
5.48833 0.717988
5.43838 0.818441
5.73046 -0.23417
5.60827 -0.287266
5.4471 -0.300252
5.25837 -0.311306
5.04519 -0.323893
4.81602 -0.310697
4.58142 -0.269027
4.34445 -0.225493
4.10518 -0.180422
3.86682 -0.126504
3.62491 -0.077189
3.37489 -0.0453273
3.49843 -0.045056
3.61837 -0.0358569
3.73932 -0.0090916
3.86678 0.0418092
3.99844 0.114843
4.13365 0.207672
4.27216 0.310874
4.42489 0.415202
4.58725 0.515768
4.76652 0.619917
4.94701 0.732844
5.68819 -0.222371
5.5414 -0.245626
5.36408 -0.255946
5.16212 -0.263298
4.94232 -0.264954
4.71042 -0.249699
4.47093 -0.220226
4.22896 -0.182834
3.98849 -0.136548
3.74514 -0.086195
5.64686 -0.148604
5.47402 -0.163383
5.27716 -0.174258
5.06413 -0.183034
4.83672 -0.185423
4.60032 -0.174706
4.35789 -0.150083
4.11227 -0.115096
3.86704 -0.0746059
5.58476 -0.053115
5.38897 -0.0685129
5.17702 -0.0830314
4.95463 -0.0945366
4.72302 -0.0979519
4.48363 -0.0884041
4.23924 -0.0665805
3.99064 -0.0382958
5.50338 0.0416505
5.29195 0.0252631
5.07102 0.0106442
4.84192 0.000489151
4.60759 -0.00146106
4.36678 0.00548839
4.11824 0.0213787
5.41797 0.137745
5.19721 0.121365
4.96978 0.109458
4.73445 0.102868
4.49592 0.101084
4.25132 0.104404
5.33607 0.240621
5.1086 0.222001
4.8733 0.212709
4.63122 0.208649
4.38526 0.206267
5.25483 0.344767
5.01991 0.324227
4.77773 0.316953
4.52773 0.314312
5.17357 0.446744
4.93372 0.426871
4.68154 0.42002
5.09604 0.5484
4.85049 0.52817
5.02317 0.647692
3.24621 -0.0121534
3.11661 0.0373122
2.98997 0.102057
2.86664 0.188298
2.75113 0.294283
2.6449 0.417428
2.54544 0.544827
2.44005 0.679063
2.33645 0.819282
2.22291 0.976986
2.1013 1.14363
1.96042 1.32939
2.19961 1.13263
2.43812 0.973944
2.68032 0.843152
2.92795 0.740596
3.18236 0.668062
3.44283 0.6285
3.71121 0.610725
3.98764 0.611475
4.27055 0.635669
4.55297 0.688444
4.84037 0.761482
4.67322 0.680638
4.49046 0.591468
4.32436 0.503597
4.1592 0.408963
4.01652 0.311069
3.87807 0.215784
3.74267 0.133003
3.61166 0.0662347
3.48843 0.0222194
3.36887 0.000552912
4.38619 0.632376
4.22193 0.567831
4.04646 0.492683
3.89851 0.408114
3.75511 0.318215
3.62163 0.233589
3.48776 0.158923
3.35934 0.0996539
3.23844 0.0609173
4.11198 0.600907
3.94134 0.553564
3.78939 0.488757
3.63686 0.412357
3.50061 0.333335
3.36433 0.261367
3.23478 0.1962
3.11171 0.14198
3.8327 0.590083
3.67585 0.550675
3.52214 0.494849
3.3875 0.426672
3.24756 0.363698
3.11623 0.301752
2.9883 0.242263
3.56439 0.595168
3.41816 0.561189
3.27884 0.513908
3.13695 0.464913
3.00595 0.410749
2.87241 0.354515
3.30304 0.619282
3.16532 0.59646
3.03222 0.565842
2.90224 0.52446
2.76586 0.475261
3.05152 0.672736
2.92453 0.663274
2.7967 0.640316
2.66666 0.598396
2.80305 0.760221
2.68233 0.758615
2.56177 0.728941
2.56438 0.872037
2.45039 0.863559
2.32736 1.00194
3.1198 -0.0166998
2.86689 0.0152232
2.61734 0.0461732
2.37349 0.0856548
2.13147 0.136034
1.88907 0.185342
1.66299 0.259336
1.4648 0.356019
1.2725 0.434392
1.07966 0.487942
0.921378 0.555452
0.811512 0.553996
0.860492 0.603923
0.963944 0.649455
1.07846 0.693917
1.17356 0.746614
1.27706 0.814
1.39398 0.881087
1.51731 0.953565
1.63451 1.03796
1.7361 1.12107
1.82397 1.19881
1.90128 1.27179
2.01664 1.0863
2.11889 0.91939
2.2237 0.762065
2.32024 0.625506
2.41936 0.489578
2.51844 0.356284
2.626 0.23578
2.7428 0.143631
2.86675 0.0735429
2.99232 0.0191053
1.92511 1.01687
2.01622 0.854092
2.11293 0.704668
2.20778 0.566996
2.30095 0.426827
2.39574 0.294296
2.50326 0.18789
2.61931 0.109413
2.74117 0.0513765
1.82215 0.943892
1.90504 0.784172
1.99508 0.637342
2.08435 0.49631
2.17127 0.356938
2.26674 0.239156
2.37679 0.153991
2.49541 0.0879622
1.70807 0.862305
1.78502 0.704944
1.86904 0.559785
1.95233 0.420297
2.03896 0.296339
2.14125 0.202822
2.25554 0.134486
1.58369 0.784282
1.65967 0.632316
1.7398 0.492203
1.8197 0.363072
1.9095 0.258577
2.01339 0.185262
1.46016 0.720428
1.53552 0.575534
1.6123 0.444011
1.69099 0.332801
1.78401 0.24557
1.34483 0.661129
1.41502 0.526974
1.49011 0.415547
1.57205 0.330492
1.23534 0.607194
1.29841 0.494403
1.37652 0.415358
1.12285 0.575845
1.18433 0.485875
1.00607 0.552733
0.759399 0.647087
0.727069 0.772028
0.71955 0.924995
0.725481 1.09233
0.715265 1.26464
0.674759 1.44613
0.641217 1.6429
0.635191 1.85028
0.619905 2.05881
0.618592 2.2662
0.656345 2.4793
0.703148 2.69575
0.702285 2.58693
0.736222 2.48117
0.808408 2.37704
0.900405 2.27184
1.0007 2.16531
1.10458 2.05685
1.21587 1.94077
1.34498 1.82385
1.48753 1.70946
1.63265 1.59728
1.78261 1.47789
1.72588 1.38984
1.64781 1.30387
1.55725 1.22002
1.45385 1.13426
1.33745 1.0541
1.21936 0.980029
1.11284 0.903149
1.02603 0.831879
0.936655 0.770329
0.828574 0.707757
1.56003 1.50091
1.47471 1.40986
1.38332 1.32147
1.2804 1.2364
1.16912 1.15599
1.06154 1.07354
0.971356 0.989328
0.899289 0.912274
0.807908 0.839207
1.40215 1.60843
1.31452 1.51529
1.22394 1.42528
1.12352 1.33851
1.02004 1.252
0.928099 1.16318
0.861572 1.07675
0.795387 0.997049
1.25706 1.72233
1.17302 1.62523
1.0825 1.5309
0.984617 1.43913
0.893118 1.34742
0.826496 1.25642
0.778614 1.17055
1.13265 1.83681
1.04663 1.73334
0.953531 1.63275
0.861626 1.53672
0.78919 1.44334
0.745203 1.35253
1.01754 1.94578
0.924174 1.83468
0.831143 1.73186
0.753598 1.63656
0.701495 1.54169
0.904081 2.04975
0.809241 1.9382
0.73045 1.83719
0.675167 1.74199
0.802115 2.15559
0.721893 2.04857
0.664947 1.94933
0.722362 2.26443
0.659251 2.15944
0.667571 2.3719
0.767399 2.79488
0.861817 2.8899
0.984308 2.98686
1.12518 3.08439
1.27645 3.18097
1.4329 3.27437
1.60994 3.35495
1.80164 3.4218
1.99633 3.49504
2.19275 3.57691
2.40811 3.6679
2.64134 3.77806
2.36641 3.60038
2.13665 3.42175
1.94825 3.24408
1.80378 3.05459
1.70289 2.85218
1.62933 2.64822
1.57391 2.44642
1.55307 2.24251
1.58381 2.0319
1.65436 1.80731
1.77488 1.57612
1.66671 1.70016
1.55305 1.81775
1.43093 1.92981
1.30538 2.04538
1.19251 2.16402
1.09669 2.27764
1.00709 2.38606
0.919074 2.4901
0.83698 2.59122
0.783358 2.69044
1.58069 1.92455
1.49694 2.03707
1.39778 2.15236
1.29306 2.26741
1.20013 2.38299
1.12165 2.49255
1.04584 2.59619
0.966451 2.69639
0.89859 2.7919
1.52961 2.14039
1.47278 2.25365
1.3985 2.36553
1.31618 2.48156
1.24383 2.5922
1.17874 2.69512
1.10869 2.79343
1.03785 2.89222
1.5218 2.35106
1.48886 2.46081
1.43318 2.57463
1.37111 2.68871
1.31431 2.79517
1.25288 2.89162
1.1855 2.98799
1.56037 2.55453
1.5363 2.66449
1.49564 2.77902
1.45112 2.89145
1.39817 2.9931
1.33557 3.08694
1.62691 2.75612
1.61132 2.86326
1.58796 2.97501
1.55036 3.08269
1.49489 3.1827
1.71584 2.95447
1.72039 3.05692
1.70788 3.16084
1.66894 3.2616
1.84053 3.14695
1.85807 3.24004
1.84498 3.33408
2.00471 3.33193
2.01886 3.41348
2.19038 3.50254
0.765703 2.90356
0.851285 3.09655
0.946076 3.28866
1.049 3.47386
1.1589 3.65559
1.30383 3.81098
1.46903 3.92665
1.64641 4.01846
1.83081 4.09712
2.01605 4.15525
2.20418 4.17885
2.34054 4.17363
2.28958 4.18545
2.24934 4.20239
2.22215 4.20884
2.22301 4.21829
2.2607 4.18635
2.30567 4.12529
2.35181 4.04231
2.42292 3.98782
2.48608 3.92347
2.54134 3.86537
2.59658 3.81569
2.36774 3.72716
2.15123 3.64565
1.9483 3.57157
1.74421 3.51089
1.55095 3.45048
1.38082 3.3681
1.2256 3.27814
1.07778 3.18115
0.9478 3.08749
0.844006 2.99507
2.31564 3.79188
2.10208 3.71878
1.89261 3.6554
1.68969 3.6103
1.5072 3.54517
1.33689 3.46523
1.17967 3.3756
1.03859 3.28392
0.924614 3.19512
2.25774 3.86017
2.04912 3.80182
1.84425 3.75516
1.65066 3.69977
1.46618 3.63702
1.2969 3.55738
1.14862 3.46994
1.02786 3.38035
2.19914 3.93676
1.99437 3.89468
1.7969 3.85147
1.60469 3.79322
1.42743 3.72029
1.27048 3.64409
1.1413 3.56141
2.14927 4.01349
1.94551 3.97208
1.75144 3.92305
1.57079 3.85974
1.40788 3.79783
1.26634 3.73312
2.09833 4.08858
1.89857 4.04239
1.71066 3.98881
1.55422 3.92878
1.41761 3.87038
2.05802 4.14328
1.86372 4.10138
1.71335 4.03388
1.58332 3.97459
2.03878 4.16964
1.88974 4.11194
1.75864 4.06286
2.06924 4.17844
1.93886 4.13962
2.12108 4.18558
5.56717 3.58525
5.33223 3.77259
5.10571 3.92517
4.86745 4.03828
4.61173 4.09316
4.34293 4.13978
4.07763 4.16763
3.8033 4.14972
3.53792 4.11208
3.25885 4.03859
2.96317 3.92962
2.86475 3.92244
3.03702 4.04056
3.21466 4.15634
3.3762 4.27126
3.53356 4.36412
3.68935 4.44661
3.84964 4.5137
4.01321 4.54912
4.17254 4.56409
4.32308 4.59957
4.45988 4.64853
4.5596 4.62548
4.65919 4.5881
4.75992 4.52921
4.85093 4.44212
4.9312 4.33224
5.01349 4.21318
5.11656 4.09824
5.22597 3.99143
5.3307 3.86585
5.44311 3.72864
4.42124 4.59019
4.51422 4.55214
4.60886 4.48875
4.69162 4.39386
4.78552 4.28962
4.87857 4.18688
4.99042 4.09038
5.10505 3.99172
5.21783 3.88054
4.27131 4.56594
4.35626 4.52121
4.45445 4.4412
4.54127 4.35468
4.64355 4.26645
4.75253 4.17248
4.87023 4.0928
4.9869 4.0089
4.10588 4.54093
4.19801 4.4713
4.29595 4.38764
4.3929 4.31055
4.49972 4.23004
4.62014 4.15506
4.74126 4.09304
3.9485 4.48246
4.04122 4.40466
4.14076 4.32843
4.25305 4.25607
4.3623 4.19056
4.48373 4.13986
3.78624 4.40422
3.88478 4.33396
3.98518 4.26662
4.09953 4.21367
4.21784 4.17448
3.6254 4.32243
3.73302 4.26323
3.84096 4.2148
3.95469 4.1869
3.46532 4.22154
3.56647 4.18489
3.67908 4.16258
3.31002 4.12812
3.41654 4.10743
3.1317 4.02163
2.41961 4.16352
2.54581 4.17665
2.70272 4.20188
2.88183 4.22332
3.07638 4.26008
3.27864 4.28977
3.4854 4.32987
3.69955 4.39343
3.92373 4.4715
4.14205 4.56667
4.34873 4.64923
2.78492 3.94884
2.72225 3.98669
2.652 4.0406
2.58197 4.10487
2.51616 4.16469
2.47214 4.221
2.42545 4.25911
2.39721 4.2485
2.40273 4.23081
2.41619 4.20494
2.96638 4.06918
2.8924 4.10745
2.81834 4.15654
2.73938 4.20627
2.68393 4.25417
2.63318 4.29323
2.58863 4.28901
2.57613 4.25977
2.5694 4.22498
3.13392 4.19354
3.05235 4.22895
2.97461 4.25992
2.9046 4.2994
2.84681 4.32825
2.79353 4.32268
2.76348 4.28939
2.74339 4.24036
3.28818 4.30351
3.21019 4.32517
3.13309 4.35303
3.06241 4.37101
3.00538 4.35894
2.96552 4.31764
2.93242 4.26568
3.44645 4.387
3.36915 4.40465
3.29324 4.41376
3.22713 4.38899
3.17485 4.34983
3.13323 4.30105
3.60751 4.45742
3.52715 4.45756
3.45512 4.42678
3.39288 4.38406
3.34052 4.3336
3.77004 4.50676
3.69333 4.47245
3.6225 4.42946
3.55746 4.37963
3.93135 4.52692
3.86253 4.49216
3.78372 4.44273
4.0925 4.54785
4.01115 4.52174
4.23088 4.60066
